-1.4156862745098038
0.4509803921568628
-2.003921568627451
-0.41176470588235303
-0.9372549019607843
-1.6901960784313725
-1.2117647058823529
-2.3019607843137253
-1.5411764705882351
-1.1254901960784314
-2.2549019607843137
-1.9019607843137254
-0.8117647058823528
0.4980392156862745
-1.549019607843137
-1.1490196078431372
-1.3294117647058825
-1.5647058823529414
-1.8941176470588235
-2.4745098039215687
-0.2549019607843138
-1.988235294117647
-2.1372549019607843
-1.8078431372549018
-1.556862745098039
-1.6823529411764706
-2.537254901960784
-0.4039215686274511
-2.105882352941176
-1.8549019607843138
0.2941176470588235
-2.403921568627451
-0.4666666666666667
-2.1921568627450982
-2.011764705882353
0.63921568627451
-2.3098039215686272
-0.788235294117647
-2.1450980392156866
-2.396078431372549
-1.8627450980392157
-2.4117647058823533
-2.5215686274509803
-1.2509803921568627
-1.5333333333333332
-0.1215686274509803
-1.6431372549019607
-1.5882352941176472
0.050980392156862675
-1.2588235294117647
0.0509803921568629
-1.6745098039215685
-1.0862745098039217
-2.2
-2.5843137254901962
-2.2705882352941176
-0.4274509803921569
-1.5176470588235293
-2.16078431372549
-2.63921568627451
-2.686274509803922
-1.4784313725490197
-2.2784313725490195
-1.6745098039215685
-1.0784313725490196
0.7960784313725491
-1.556862745098039
-2.011764705882353
-1.4705882352941178
0.15294117647058825
-1.9176470588235293
-0.22352941176470587
-2.0666666666666664
-0.6156862745098038
-2.7333333333333334
-1.6823529411764706
-2.576470588235294
-0.12941176470588234
-0.6313725490196078
-1.0392156862745099
-1.0470588235294116
-1.2666666666666666
-1.5176470588235293
0.45882352941176463
-0.15294117647058825
-2.686274509803922
-2.215686274509804
-1.6745098039215685
-2.3098039215686272
-1.6509803921568627
0.7176470588235293
-0.6862745098039215
-1.549019607843137
-0.7098039215686275
1.2039215686274511
-1.8862745098039215
-2.1764705882352944
-1.8627450980392155
-2.23921568627451
-2.450980392156863
-2.0431372549019606
1.7529411764705882
-2.0666666666666664
-0.3254901960784313
-2.0823529411764703
-1.0627450980392157
-2.2784313725490195
0.0509803921568629
-0.3411764705882353
-0.027450980392156987
-0.6313725490196079
-2.1921568627450982
-0.4745098039215685
-2.215686274509804
-0.7254901960784312
-2.772549019607843
-2.0745098039215684
-1.9176470588235295
-0.4901960784313725
-0.4509803921568628
-0.8117647058823529
-2.6392156862745098
-1.156862745098039
-1.2588235294117647
-1.580392156862745
-1.5176470588235293
-1.4941176470588236
-0.8823529411764706
-1.0941176470588236
-1.415686274509804
-2.4901960784313726
-2.3490196078431373
-2.427450980392157
-2.145098039215686
-0.7647058823529412
1.4313725490196079
-0.9764705882352941
-1.549019607843137
-1.3294117647058823
-1.6980392156862743
0.9058823529411764
-1.996078431372549
-2.1921568627450982
-0.23921568627450973
-1.768627450980392
-0.39607843137254906
-1.5333333333333332
-2.176470588235294
-2.2784313725490195
-2.184313725490196
-2.2862745098039214
-2.6470588235294117
-1.8627450980392155
0.5450980392156861
-2.2549019607843137
-2.435294117647059
-1.7215686274509805
-2.074509803921569
0.6784313725490196
-1.8784313725490196
-2.3254901960784315
-1.9254901960784314
-2.231372549019608
-0.2941176470588235
-0.15294117647058825
-2.2
-0.8039215686274509
-1.784313725490196
-1.5098039215686274
-0.8274509803921568
-2.8588235294117648
-1.996078431372549
-2.372549019607843
-1.8235294117647058
-1.5568627450980392
-0.45882352941176474
-2.184313725490196
-2.4901960784313726
-0.803921568627451
-2.3568627450980393
-2.5215686274509803
-2.3019607843137253
-2.1294117647058823
-2.1294117647058823
-0.19215686274509802
-1.3058823529411765
-1.6588235294117646
-2.215686274509804
-2.427450980392157
-1.188235294117647
-2.7333333333333334
-0.6549019607843136
-0.0039215686274509665
-1.7294117647058822
-0.2078431372549019
0.5058823529411763
-0.027450980392156876
-0.4745098039215686
-2.317647058823529
1.352941176470588
-2.686274509803922
-2.16078431372549
-2.3019607843137253
1.1803921568627451
-0.07450980392156847
-0.984313725490196
-1.7137254901960783
-0.5058823529411764
-1.776470588235294
-1.9490196078431372
-1.392156862745098
-1.8470588235294119
-1.3450980392156864
-1.392156862745098
-2.231372549019608
-2.003921568627451
0.1215686274509804
-1.8078431372549018
-2.56078431372549
0.9450980392156862
-1.9019607843137254
-2.2549019607843137
-1.9803921568627452
-2.3098039215686272
-0.08235294117647063
-1.4000000000000001
-1.164705882352941
-0.2941176470588236
-2.364705882352941
-1.980392156862745
-1.4078431372549018
-1.6823529411764706
-0.7411764705882352
-2.6313725490196083
-2.223529411764706
-2.3254901960784315
-2.396078431372549
-1.9254901960784312
-0.9058823529411765
-2.3254901960784315
-1.8627450980392157
0.9764705882352942
-2.435294117647059
-2.1058823529411765
-1.83921568627451
-2.1294117647058823
-2.0352941176470587
-2.545098039215686
-1.988235294117647
-2.0509803921568626
-1.7450980392156863
-1.996078431372549
-1.2745098039215685
-2.5686274509803924
-0.9058823529411764
-2.4901960784313726
-2.3019607843137253
-2.341176470588235
-0.6392156862745098
-2.231372549019608
0.0117647058823529
-0.11372549019607836
-1.8235294117647058
-0.5372549019607843
-2.56078431372549
-1.156862745098039
0.3176470588235293
-0.4745098039215686
-1.8705882352941177
-0.7254901960784315
-1.7137254901960786
-2.3411764705882354
-2.5058823529411764
-0.7725490196078431
-2.568627450980392
-1.596078431372549
-1.4549019607843139
-1.1019607843137256
-2.435294117647059
-2.0509803921568626
-1.619607843137255
-1.8549019607843138
-1.611764705882353
0.22352941176470587
-0.5764705882352942
-2.113725490196078
-1.3372549019607842
-2.0980392156862746
-0.3647058823529411
-1.3215686274509804
-0.15294117647058836
-1.0784313725490198
-0.2941176470588235
-2.6
-0.37254901960784315
-2.2549019607843137
-1.611764705882353
-2.0274509803921568
-1.6274509803921566
-0.7647058823529411
0.7725490196078431
-2.3019607843137253
-2.23921568627451
-2.2470588235294118
-1.6823529411764706
-1.2588235294117647
-2.2705882352941176
0.623529411764706
-1.83921568627451
0.05882352941176483
-0.8980392156862745
-0.39607843137254906
-0.207843137254902
-2.2549019607843137
-1.564705882352941
-2.3490196078431373
-1.5176470588235293
-1.0784313725490196
-1.7215686274509805
-0.027450980392156876
-2.317647058823529
-1.8549019607843138
-2.1686274509803924
-0.4039215686274509
0.10588235294117643
-2.592156862745098
1.2352941176470587
-0.8039215686274509
-0.6235294117647059
0.2705882352941176
-1.4549019607843137
-2.2078431372549017
-1.6901960784313725
-1.4862745098039216
-2.4901960784313726
-0.08235294117647063
-1.6980392156862743
0.5843137254901961
-1.6431372549019607
-0.3411764705882354
-1.9411764705882355
-2.066666666666667
-2.1294117647058823
-1.7843137254901962
-1.8392156862745097
-2.6705882352941175
-1.556862745098039
-0.5686274509803921
-1.8392156862745097
1.8313725490196078
-1.768627450980392
-2.113725490196078
-2.207843137254902
-2.537254901960784
-2.5686274509803924
-2.325490196078431
-1.5882352941176472
1.807843137254902
-2.16078431372549
0.11372549019607836
-0.5372549019607844
-2.576470588235294
-2.4274509803921567
-1.172549019607843
-1.8
-2.3019607843137253
-1.972549019607843
-2.545098039215686
-2.317647058823529
-2.372549019607843
-2.0509803921568626
-0.7725490196078432
-1.5411764705882351
0.027450980392156876
-2.2784313725490195
-2.466666666666667
-1.9254901960784314
-1.831372549019608
-2.5058823529411764
-0.15294117647058825
-2.16078431372549
-1.172549019607843
-2.7490196078431373
0.8666666666666667
-1.611764705882353
-1.1490196078431372
-1.549019607843137
-1.9176470588235295
-1.6980392156862743
-1.7529411764705882
-2.4901960784313726
-0.6313725490196078
-1.4705882352941178
-2.1372549019607843
-1.4235294117647057
-2.0745098039215684
-1.980392156862745
-1.6509803921568627
-1.0470588235294116
-2.2862745098039214
-1.6509803921568627
1.1176470588235292
-1.0313725490196077
-1.9019607843137254
-1.768627450980392
-0.5450980392156863
-1.2431372549019608
-0.4117647058823529
-0.7254901960784312
-1.219607843137255
-0.4666666666666667
-1.384313725490196
0.9529411764705882
-1.1803921568627451
-1.5647058823529412
-1.964705882352941
-2.5686274509803924
-1.7607843137254902
-2.231372549019608
-2.3568627450980393
-2.537254901960784
-2.5137254901960784
-2.2784313725490195
-2.152941176470588
-1.2352941176470589
-2.427450980392157
-2.450980392156863
-1.9725490196078432
-0.9137254901960784
-2.23921568627451
0.1450980392156862
-2.9058823529411764
-1.8627450980392155
-2.1137254901960785
-1.9411764705882353
0.19999999999999996
-1.7843137254901962
-2.317647058823529
-2.380392156862745
-1.8235294117647058
-2.011764705882353
-1.572549019607843
-2.592156862745098
-1.4392156862745098
-1.5176470588235293
-2.592156862745098
-2.019607843137255
-1.211764705882353
-0.4352941176470587
-1.2509803921568627
-2.2549019607843137
-1.1176470588235294
-2.4823529411764707
-1.9019607843137254
-0.6705882352941176
-2.192156862745098
-2.0901960784313727
-2.4980392156862745
-1.5333333333333332
-1.807843137254902
0.3647058823529411
-0.5607843137254902
-0.2313725490196078
-1.83921568627451
-2.403921568627451
-1.8470588235294119
-0.07450980392156858
-1.164705882352941
-0.11372549019607847
-0.5294117647058824
-1.7999999999999998
-1.4784313725490197
-1.768627450980392
-1.415686274509804
-2.0274509803921568
-0.30980392156862735
-1.2431372549019608
-0.2549019607843137
-2.56078431372549
-1.9098039215686273
0.21568627450980415
-2.435294117647059
-1.6980392156862747
-0.22352941176470598
-1.7137254901960783
-2.545098039215686
-1.5333333333333332
-0.9215686274509804
-0.48235294117647076
-2.4901960784313726
-2.129411764705883
-1.211764705882353
-2.0509803921568626
-0.819607843137255
-2.1137254901960785
-0.5058823529411763
-1.0784313725490198
-2.184313725490196
-1.5176470588235293
-2.333333333333333
-1.3294117647058823
-2.152941176470588
-1.611764705882353
-1.2901960784313724
1.3607843137254902
-2.545098039215686
-1.8862745098039218
-2.2627450980392156
-1.83921568627451
0.39607843137254917
-1.8705882352941177
-1.4156862745098038
-0.32549019607843144
-1.4078431372549018
-1.9411764705882355
0.10588235294117654
-1.8313725490196076
-2.380392156862745
-0.5686274509803922
-0.3411764705882353
-1.4941176470588236
-2.0352941176470587
-2.4274509803921567
-2.9294117647058826
-0.7568627450980393
-1.8549019607843138
-2.631372549019608
-2.003921568627451
0.43529411764705883
-0.48235294117647054
-2.545098039215686
-0.45882352941176463
-2.623529411764706
-2.0352941176470587
-2.5137254901960784
-1.9019607843137254
-2.003921568627451
-0.7490196078431371
-2.388235294117647
-1.2352941176470589
-2.435294117647059
-1.8784313725490196
-1.9176470588235295
-0.30980392156862735
-0.7568627450980392
-0.6784313725490196
-2.2627450980392156
-1.1254901960784314
0.5843137254901962
-0.19215686274509802
-1.5568627450980392
-2.207843137254902
-2.3333333333333335
-1.007843137254902
-2.380392156862745
0.09803921568627438
-2.6392156862745098
-1.556862745098039
-0.7725490196078431
-1.4078431372549018
-1.6666666666666667
-1.5568627450980392
-0.7568627450980392
-2.1137254901960785
-2.0509803921568626
-0.2078431372549019
-1.6352941176470588
-0.5764705882352941
-1.5803921568627453
-2.4901960784313726
-1.0470588235294116
-0.5372549019607844
-2.0823529411764707
-0.4745098039215687
-2.427450980392157
-1.211764705882353
-0.7725490196078432
-1.556862745098039
-0.9607843137254901
-1.6666666666666665
-2.631372549019608
-2.019607843137255
-0.3176470588235295
-2.2862745098039214
-2.0352941176470587
0.34901960784313724
-0.30980392156862746
-2.56078431372549
-2.231372549019608
-1.2196078431372548
0.07450980392156858
0.388235294117647
-1.8941176470588235
-2.0431372549019606
0.6705882352941175
-2.0431372549019606
-1.9725490196078432
-0.28627450980392144
-0.4274509803921569
-0.6784313725490196
0.21568627450980404
-2.3490196078431373
-1.8235294117647058
-0.6235294117647058
-1.180392156862745
-2.145098039215686
-1.619607843137255
-2.231372549019608
-1.0235294117647058
-1.3764705882352941
0.5764705882352941
-2.3490196078431373
-2.207843137254902
-0.7647058823529411
-0.22352941176470598
-2.011764705882353
-0.39607843137254906
-0.04313725490196074
-0.2705882352941176
-0.2705882352941176
0.9294117647058824
-2.788235294117647
-2.0823529411764703
-1.9490196078431372
-1.5647058823529412
-1.43921568627451
-2.615686274509804
-2.9058823529411764
-0.3254901960784313
-0.44313725490196065
-1.3137254901960784
-2.3333333333333335
-1.6666666666666665
-2.1686274509803924
-1.9019607843137254
-2.333333333333333
-2.372549019607843
-2.223529411764706
-2.662745098039216
-2.5137254901960784
-1.7372549019607841
-1.5411764705882351
-2.607843137254902
-2.3254901960784315
0.8588235294117645
-1.6901960784313723
0.7333333333333332
-1.9490196078431372
-2.1686274509803924
-2.5843137254901962
-0.3176470588235294
-1.6901960784313725
-1.8549019607843138
-1.9019607843137254
-0.37254901960784303
-1.7686274509803923
-2.662745098039216
0.403921568627451
-1.3686274509803922
-2.6392156862745098
-2.2705882352941176
-1.3607843137254902
-2.23921568627451
-1.6352941176470588
0.0980392156862746
-1.0156862745098039
-2.3019607843137257
-1.9725490196078432
-1.5098039215686274
-2.6392156862745098
0.2784313725490196
-1.1019607843137256
0.2549019607843137
-0.3411764705882353
-1.1333333333333333
0.0823529411764704
0.08235294117647063
-1.6901960784313723
-1.9254901960784314
-1.8862745098039215
-1.1490196078431372
-2.1764705882352944
-0.5764705882352942
-1.776470588235294
-1.4392156862745098
1.2431372549019606
-2.6
-1.9333333333333333
-2.003921568627451
-0.32549019607843144
0.050980392156862675
-1.5960784313725491
-1.0705882352941174
-2.450980392156863
-2.4823529411764707
-2.1058823529411765
-1.3294117647058823
-0.3254901960784313
-2.011764705882353
-2.1058823529411765
-0.16078431372549018
-0.23921568627450973
0.7176470588235293
-1.2901960784313724
1.3215686274509804
-2.1843137254901963
-0.6784313725490196
-1.8941176470588235
-2.403921568627451
-2.4431372549019605
-0.607843137254902
-1.6980392156862743
-2.0352941176470587
-1.423529411764706
-1.423529411764706
-2.223529411764706
-2.3098039215686277
-2.5294117647058822
-2.6470588235294117
-0.33333333333333337
-0.33333333333333337
-0.7960784313725491
-0.33333333333333337
-1.9647058823529413
-1.007843137254902
-2.3254901960784315
-2.6
-2.019607843137255
-2.396078431372549
-0.5058823529411766
-2.0823529411764707
-1.6980392156862745
-1.8078431372549022
-2.3960784313725494
-1.5333333333333332
-1.4549019607843137
-1.4549019607843137
-0.6862745098039216
-2.152941176470588
-0.4980392156862745
2.0745098039215684
-1.1803921568627451
-1.5333333333333332
-2.0666666666666664
-1.823529411764706
-2.113725490196078
-0.20000000000000007
-1.0705882352941176
-2.443137254901961
-1.392156862745098
-1.6901960784313725
-2.325490196078431
-1.768627450980392
-0.6941176470588236
-1.9254901960784312
0.592156862745098
-1.823529411764706
-0.9372549019607843
-2.380392156862745
-1.9098039215686273
-1.3372549019607842
-2.466666666666667
-0.6627450980392157
-1.4862745098039216
-2.4901960784313726
-2.325490196078431
-1.8784313725490196
-2.3098039215686272
-0.819607843137255
-0.7725490196078431
-1.8549019607843138
-0.9058823529411764
1.7372549019607844
-2.0666666666666664
-1.3764705882352941
-0.8431372549019608
-2.419607843137255
-1.6588235294117646
-2.0431372549019606
-2.4745098039215687
-2.450980392156863
-2.427450980392157
-2.3333333333333335
-2.3019607843137257
-1.5803921568627453
-1.784313725490196
-1.8705882352941177
-0.9058823529411765
-0.8196078431372549
-0.6
-1.7294117647058824
-0.2941176470588235
-2.1529411764705886
-1.156862745098039
-2.364705882352941
-1.9176470588235293
-1.8941176470588235
-2.16078431372549
-1.9333333333333333
-1.9333333333333333
-1.776470588235294
0.28627450980392166
-1.6588235294117646
-0.9686274509803922
-0.9294117647058824
-2.568627450980392
-2.388235294117647
-2.0980392156862746
-0.10588235294117643
-1.8
0.9450980392156862
-0.3803921568627452
-1.0941176470588234
-2.3019607843137253
-0.9215686274509804
-2.411764705882353
-2.443137254901961
-2.4980392156862745
-2.0588235294117645
-2.4980392156862745
-1.2117647058823529
0.7647058823529411
-2.427450980392157
-1.6901960784313725
0.41960784313725485
-0.8901960784313726
-1.9254901960784314
-1.768627450980392
-1.5019607843137255
-1.7215686274509805
-2.403921568627451
1.203921568627451
-0.8980392156862744
-2.6392156862745098
-0.4509803921568627
-2.2549019607843137
-2.0901960784313722
-0.6078431372549019
-1.6588235294117646
0.17647058823529427
-0.6313725490196078
-2.3098039215686277
-2.364705882352941
-2.631372549019608
-2.4901960784313726
-0.1921568627450979
-2.0666666666666664
-2.3254901960784315
-1.7058823529411764
-1.8941176470588235
-2.23921568627451
-1.996078431372549
0.4352941176470587
-2.6392156862745098
-0.8588235294117647
-0.9294117647058823
-0.1843137254901961
-0.027450980392156765
-1.2509803921568627
0.019607843137254943
-1.4078431372549018
-2.450980392156863
0.49803921568627463
-1.9803921568627452
-1.2666666666666666
-0.05882352941176483
-0.12156862745098052
-0.1215686274509804
-2.003921568627451
-1.9254901960784314
-2.3960784313725494
-0.3411764705882353
-0.2941176470588235
0.5137254901960784
-0.2549019607843137
-0.8745098039215686
-2.1215686274509804
-1.619607843137255
-0.26274509803921553
-0.1921568627450979
-0.8274509803921568
-2.466666666666667
0.8745098039215686
-1.768627450980392
-2.3490196078431373
-0.6862745098039216
-0.44313725490196076
-2.1450980392156866
-2.615686274509804
-1.9490196078431374
-1.8
-1.392156862745098
-2.5843137254901962
-2.1137254901960785
0.4901960784313726
-1.4392156862745098
-1.8235294117647058
-1.8705882352941177
-1.3137254901960784
-1.2823529411764705
-2.466666666666667
-2.215686274509804
-1.588235294117647
-0.4274509803921568
-1.784313725490196
-1.9725490196078432
-2.3098039215686277
-2.56078431372549
-2.396078431372549
0.5137254901960783
0.8823529411764706
-1.2509803921568627
-0.6705882352941176
-2.333333333333333
-1.9176470588235293
-0.6941176470588236
-1.3529411764705883
-0.8745098039215686
-1.1019607843137256
0.2549019607843137
-1.776470588235294
-2.3647058823529408
-1.83921568627451
-2.0509803921568626
-1.9019607843137254
-1.6901960784313725
-1.6901960784313723
-2.5686274509803924
-2.6392156862745098
-1.8941176470588237
1.0156862745098039
-1.588235294117647
-2.2862745098039214
-1.7372549019607844
-1.5490196078431373
-2.0274509803921568
-2.654901960784314
-0.5372549019607844
-1.1411764705882352
-0.48235294117647065
0.019607843137254943
-2.2705882352941176
-0.4745098039215685
-1.776470588235294
-2.380392156862745
0.26274509803921575
-1.3686274509803922
-1.776470588235294
-0.6862745098039215
-1.9176470588235293
-2.0352941176470587
2.0509803921568626
-2.0509803921568626
-2.3098039215686272
0.15294117647058836
1.2823529411764707
-2.0588235294117645
-0.7098039215686275
-0.04313725490196085
-2.0274509803921568
-1.996078431372549
-0.7176470588235293
-0.7725490196078432
-1.7294117647058824
0.32549019607843144
0.0509803921568629
-2.231372549019608
-1.6666666666666665
-2.443137254901961
-1.0627450980392157
-1.447058823529412
-2.0823529411764703
-0.15294117647058814
-1.6823529411764704
-1.9019607843137254
-1.9568627450980394
-1.392156862745098
0.5529411764705883
1.1647058823529413
-1.7372549019607844
-0.5450980392156862
0.33333333333333326
-2.450980392156863
-0.5607843137254902
-1.0470588235294118
-0.1843137254901961
0.21568627450980393
0.06666666666666676
-2.0980392156862746
-0.7411764705882353
-0.6392156862745098
-0.6313725490196079
0.4509803921568627
-2.011764705882353
-2.215686274509804
-2.0588235294117645
-0.01176470588235301
-2.756862745098039
-0.6470588235294118
-1.776470588235294
-1.8784313725490196
-0.1215686274509804
-2.207843137254902
-1.7137254901960783
-2.356862745098039
0.04313725490196063
-0.5372549019607843
-0.13725490196078427
-2.7019607843137257
0.48235294117647065
-0.4901960784313726
-1.5960784313725491
-1.9098039215686273
-1.5254901960784313
-2.2549019607843137
-1.9098039215686275
-2.647058823529412
-0.41960784313725485
-2.003921568627451
-2.0274509803921568
-1.2745098039215685
-2.411764705882353
-0.04313725490196085
-2.231372549019608
-0.23921568627450984
-2.403921568627451
0.7019607843137254
-0.5607843137254903
-2.003921568627451
0.5450980392156864
-2.4823529411764707
-0.9764705882352941
-0.5764705882352942
-1.7764705882352942
-0.8117647058823528
-2.3490196078431373
-2.2
-1.0156862745098039
-2.4901960784313726
-2.3098039215686277
-1.603921568627451
-1.0549019607843138
-0.1843137254901961
-1.6588235294117648
-2.1372549019607843
-2.2549019607843137
-1.5254901960784313
-1.1411764705882352
-0.7254901960784312
-1.180392156862745
-2.545098039215686
-1.6509803921568627
-2.388235294117647
-1.8862745098039215
0.45882352941176474
-2.1921568627450982
-2.0823529411764703
-1.4470588235294117
-1.1333333333333333
-2.3568627450980393
-2.129411764705883
-0.5058823529411766
-0.9372549019607843
-2.184313725490196
-1.603921568627451
-0.7803921568627451
-1.8313725490196078
-2.0745098039215684
0.20000000000000018
-1.996078431372549
-2.3254901960784315
0.12941176470588245
-1.7764705882352942
0.6627450980392156
-2.3568627450980393
-1.1176470588235294
-2.1215686274509804
-2.372549019607843
-0.819607843137255
-2.450980392156863
-1.9176470588235295
0.23921568627450973
-0.3647058823529412
-2.145098039215686
-2.0745098039215684
-0.6470588235294117
1.5019607843137255
-1.3294117647058825
-1.6352941176470588
0.30980392156862746
-0.8901960784313726
-1.8862745098039215
-1.2588235294117647
-0.8901960784313725
-0.9058823529411764
-1.619607843137255
-1.5490196078431373
-1.8
-1.9176470588235295
-1.7921568627450983
-1.603921568627451
-1.619607843137255
-2.0588235294117645
-0.0509803921568629
-0.3882352941176471
0.6470588235294118
-2.686274509803922
-0.6549019607843138
-1.7215686274509803
-1.8392156862745097
-0.37254901960784326
-0.13725490196078438
-1.2588235294117647
-1.4705882352941178
-1.3137254901960784
-2.184313725490196
-0.6941176470588235
-1.1490196078431372
-0.8745098039215686
-2.2627450980392156
-0.0980392156862745
0.41960784313725474
-0.8980392156862744
-0.14509803921568631
-2.207843137254902
-0.3019607843137254
-1.384313725490196
-1.8862745098039215
-0.6470588235294117
-1.3607843137254902
-0.6549019607843137
-1.6352941176470588
-1.6823529411764706
-2.16078431372549
-0.33333333333333337
-2.0901960784313722
-1.9490196078431372
-0.5058823529411764
-0.6862745098039217
0.7803921568627451
-0.9137254901960784
-1.9254901960784312
-2.4823529411764707
0.0980392156862746
0.7568627450980392
-2.207843137254902
-2.2705882352941176
-1.0705882352941176
-0.41960784313725485
-2.662745098039216
-1.9019607843137256
-1.5019607843137255
-1.6980392156862745
-2.3019607843137257
-0.7568627450980392
-1.792156862745098
-0.35686274509803917
-1.956862745098039
-0.9137254901960785
0.9058823529411766
-1.9568627450980391
-0.48235294117647054
-2.1058823529411765
-2.2
-2.1450980392156866
-0.24705882352941178
-1.7607843137254904
-2.23921568627451
-2.325490196078431
0.4980392156862745
-1.219607843137255
0.28627450980392144
-0.41960784313725485
-0.7411764705882353
-1.6823529411764706
0.08235294117647074
-1.768627450980392
-0.11372549019607836
-0.984313725490196
-2.349019607843137
-2.2862745098039214
-2.631372549019608
0.3882352941176471
-2.4431372549019605
-2.3019607843137253
-1.9333333333333331
-1.5490196078431373
0.3019607843137255
-1.8705882352941177
-2.0274509803921568
-1.784313725490196
-2.0666666666666664
-0.0745098039215687
-2.0980392156862746
-1.4
-0.1607843137254903
-0.9372549019607843
-2.466666666666667
-0.3411764705882353
-2.152941176470588
0.6784313725490196
-1.3294117647058825
-1.1411764705882352
-1.2980392156862743
-0.6392156862745098
-2.2549019607843137
-1.3529411764705883
-1.3372549019607842
-2.623529411764706
-2.019607843137255
0.2313725490196078
-2.3490196078431373
-1.203921568627451
-0.3490196078431371
-1.2196078431372548
-0.6549019607843137
-2.2078431372549017
-0.21568627450980393
-0.9607843137254902
-2.419607843137255
-2.0509803921568626
-2.427450980392157
-1.784313725490196
-2.3019607843137253
-1.996078431372549
-1.7058823529411764
-1.6901960784313725
-2.003921568627451
0.5294117647058822
-1.6509803921568627
-2.231372549019608
-1.7607843137254902
-0.3411764705882354
-2.168627450980392
-1.203921568627451
-2.0901960784313722
-0.45882352941176463
-0.4588235294117645
-1.0
-0.207843137254902
-2.537254901960784
-0.7647058823529411
-1.996078431372549
-0.207843137254902
-0.8823529411764706
0.1215686274509804
-2.545098039215686
-1.7372549019607841
-1.792156862745098
-2.411764705882353
-2.16078431372549
-0.5529411764705882
1.2745098039215685
-0.6392156862745098
-2.2549019607843137
-2.2549019607843137
-0.9529411764705883
-1.7058823529411764
-2.4901960784313726
-1.447058823529412
0.26274509803921564
-0.7568627450980391
-2.466666666666667
-2.3490196078431373
-0.7098039215686275
-2.654901960784314
-1.815686274509804
-2.607843137254902
-1.7607843137254902
-1.4
-1.5019607843137255
-2.1764705882352944
-0.5372549019607843
-0.28627450980392166
-2.686274509803922
0.9294117647058824
-1.611764705882353
-2.3333333333333335
-0.6313725490196079
-2.019607843137255
-0.11372549019607836
0.09019607843137245
-0.9137254901960785
-2.2862745098039214
-2.466666666666667
-0.41176470588235303
0.6549019607843138
-1.3764705882352941
-0.14509803921568631
-1.580392156862745
-1.0862745098039217
-0.9372549019607842
-1.6274509803921569
-2.2862745098039214
-1.2352941176470589
-1.7215686274509805
-1.0862745098039215
-1.9647058823529413
-2.23921568627451
-2.2862745098039214
1.2509803921568627
0.19215686274509813
-1.164705882352941
1.0156862745098039
-1.3607843137254902
-2.4274509803921567
-0.14509803921568631
-2.1137254901960785
-2.4196078431372547
0.44313725490196065
-1.8470588235294119
-2.4901960784313726
-2.2549019607843137
0.8823529411764706
-0.5607843137254902
-1.164705882352941
0.9529411764705882
-2.3254901960784315
-1.9019607843137254
-2.662745098039216
-2.419607843137255
-2.5921568627450977
-1.996078431372549
-0.9764705882352942
-2.2
-1.8862745098039215
-1.9333333333333333
-2.0823529411764707
-2.6470588235294117
-2.2941176470588234
-2.443137254901961
-1.6274509803921569
-2.3882352941176475
-2.0509803921568626
-0.10588235294117654
0.2549019607843137
-1.8392156862745097
0.32549019607843144
0.23921568627450973
-0.976470588235294
-0.3647058823529411
-2.215686274509804
-2.3960784313725494
-1.196078431372549
-2.098039215686274
-2.215686274509804
-0.1215686274509804
-0.6
-1.8627450980392157
-0.9607843137254901
0.41176470588235303
-0.4039215686274509
-1.596078431372549
-2.2705882352941176
-0.6313725490196078
-0.5215686274509803
-1.4627450980392158
-0.34901960784313735
-2.223529411764706
-1.9098039215686275
-2.231372549019608
-1.8941176470588235
-0.3254901960784313
-1.7372549019607844
-0.20000000000000007
-2.0352941176470587
-1.8941176470588235
0.04313725490196074
-1.5803921568627448
-2.1137254901960785
-1.9568627450980391
-2.427450980392157
-2.2941176470588234
-0.23921568627450962
-1.9176470588235295
-2.396078431372549
-2.1215686274509804
-0.6470588235294117
-2.662745098039216
-2.16078431372549
-1.2509803921568627
-2.0666666666666664
-1.9254901960784312
-1.007843137254902
0.050980392156862564
-2.105882352941176
-2.7176470588235295
-1.1803921568627451
0.6470588235294118
-2.4823529411764707
-2.380392156862745
-2.0745098039215684
-1.972549019607843
-1.2588235294117647
-1.2117647058823529
-2.0823529411764703
-2.4745098039215687
0.6705882352941177
0.5450980392156862
-1.5019607843137255
-1.3607843137254902
-1.9568627450980394
-2.631372549019608
-2.576470588235294
-2.5999999999999996
-0.35686274509803917
0.2941176470588237
-1.8
-2.662745098039216
-2.5215686274509803
-2.1058823529411765
-1.6274509803921569
-0.41176470588235303
-2.5215686274509803
-1.635294117647059
-2.215686274509804
-2.215686274509804
0.2941176470588237
-1.980392156862745
-2.576470588235294
-1.4862745098039216
-2.4196078431372547
-2.223529411764706
-2.1215686274509804
-0.7725490196078431
-0.41176470588235303
-0.12941176470588234
-2.145098039215686
0.17647058823529427
-0.615686274509804
-1.9019607843137254
-2.380392156862745
-0.8431372549019607
-2.0588235294117645
-1.2666666666666666
-2.2784313725490195
-2.4509803921568625
-2.6313725490196083
-1.4862745098039216
-2.3725490196078436
-1.1490196078431372
-0.19215686274509802
-1.776470588235294
-1.4470588235294117
-1.6352941176470588
-0.26274509803921564
-1.392156862745098
-0.3019607843137255
-2.2941176470588234
-2.623529411764706
-1.0862745098039217
-0.43529411764705894
0.6862745098039216
-1.3607843137254902
-2.466666666666667
-0.43529411764705894
-0.22352941176470587
0.1843137254901961
-2.380392156862745
-1.8705882352941177
-1.792156862745098
-2.3803921568627446
-0.8196078431372548
-1.0470588235294116
-0.8274509803921568
-1.5176470588235293
-0.06666666666666676
-1.9176470588235295
0.0509803921568629
-1.7137254901960783
-1.8313725490196078
-2.0666666666666664
-1.7450980392156863
0.24705882352941178
-0.027450980392156987
-1.2588235294117647
-2.0588235294117645
-0.09803921568627438
1.2196078431372548
-2.2
-1.8862745098039215
-0.9137254901960785
-1.196078431372549
-1.9490196078431372
-2.6078431372549016
-0.06666666666666676
-1.188235294117647
-0.13725490196078438
-2.0274509803921568
0.03529411764705881
-2.466666666666667
-1.0313725490196077
-2.0901960784313727
-1.996078431372549
-1.8235294117647058
-2.223529411764706
-0.7803921568627451
-1.807843137254902
-1.2117647058823529
-1.5098039215686274
-2.0588235294117645
-0.35686274509803906
-1.007843137254902
-1.9333333333333336
-2.0274509803921568
-1.6274509803921569
-1.9254901960784312
-1.1490196078431372
-1.6352941176470588
-2.2784313725490195
-0.788235294117647
-0.5215686274509803
-2.9058823529411764
-0.3568627450980393
-2.4901960784313726
-2.623529411764706
-2.607843137254902
-0.6705882352941176
-2.011764705882353
-2.16078431372549
-0.17647058823529405
0.10588235294117665
-1.4784313725490197
-2.215686274509804
-1.9254901960784314
-1.6980392156862747
0.39607843137254894
-1.3215686274509804
-2.419607843137255
-0.7803921568627451
0.9215686274509804
-2.0431372549019606
-2.2
-1.6431372549019607
-0.9764705882352941
-0.9529411764705882
-1.3372549019607844
-2.7333333333333334
-1.6274509803921569
-2.5058823529411764
-2.1921568627450982
-0.6784313725490195
0.2313725490196077
-1.8078431372549018
0.168627450980392
-1.2901960784313726
0.5764705882352941
-1.156862745098039
-1.6509803921568627
-2.152941176470588
-2.074509803921569
-2.607843137254902
-1.7764705882352942
-1.3215686274509801
-2.8588235294117648
-1.9019607843137254
-2.4196078431372547
-0.41960784313725474
-2.623529411764706
-1.9019607843137254
-2.388235294117647
-1.7372549019607844
-2.184313725490196
-2.152941176470588
-2.207843137254902
-0.6392156862745096
-0.6470588235294118
-2.419607843137255
-1.807843137254902
-2.074509803921569
-1.9490196078431372
-2.466666666666667
-1.9568627450980394
-2.1215686274509804
-2.215686274509804
-2.333333333333333
-1.0156862745098039
-2.2
-1.815686274509804
-1.8941176470588235
-0.8666666666666667
-0.7490196078431371
-0.6705882352941178
-1.5568627450980392
-2.3019607843137253
0.41176470588235303
-2.003921568627451
-2.3960784313725494
-1.2039215686274511
-0.623529411764706
-1.9725490196078432
-2.435294117647059
1.2431372549019608
-0.5137254901960785
-2.0431372549019606
-2.1372549019607843
1.0784313725490198
-2.3960784313725494
-1.8549019607843138
-1.188235294117647
-2.403921568627451
-2.4745098039215687
-2.2862745098039214
-2.403921568627451
-1.5254901960784313
-1.7294117647058822
-2.419607843137255
-1.1411764705882352
-0.16862745098039233
-2.466666666666667
-2.372549019607843
-0.4666666666666667
-2.6392156862745098
-1.0392156862745097
-1.3058823529411765
-1.2823529411764705
-1.815686274509804
-2.3490196078431373
-1.8627450980392157
-2.231372549019608
-1.0941176470588234
-1.8549019607843136
-2.372549019607843
0.28627450980392144
-0.6
-0.9764705882352941
-1.0627450980392157
-0.8980392156862744
-0.8901960784313726
-2.364705882352941
-2.3647058823529408
-1.8941176470588235
0.04313725490196063
-0.5372549019607843
-2.019607843137255
-0.2549019607843137
-0.9294117647058823
0.3803921568627452
-2.772549019607843
-2.56078431372549
-0.12156862745098052
-1.4313725490196076
-2.3019607843137253
-1.7058823529411762
-2.2470588235294118
-2.2549019607843137
-2.631372549019608
-0.6156862745098038
-0.7725490196078431
1.258823529411765
-1.0862745098039217
-2.466666666666667
-1.3058823529411765
-1.6823529411764706
-2.0274509803921568
-0.6078431372549019
-2.0980392156862746
0.30980392156862735
-0.11372549019607836
-2.419607843137255
-0.8901960784313725
-1.6666666666666667
-1.9019607843137254
-1.611764705882353
0.16862745098039222
-2.364705882352941
-1.807843137254902
-0.5294117647058824
-1.3450980392156864
-0.796078431372549
-2.223529411764706
-0.7568627450980392
-1.9333333333333333
-1.549019607843137
-1.7921568627450981
-2.3960784313725494
-0.9294117647058824
-1.447058823529412
-1.211764705882353
0.3019607843137254
-0.22352941176470575
-2.0352941176470587
-0.207843137254902
-1.227450980392157
-2.2862745098039214
1.3529411764705883
-1.7607843137254902
-1.5019607843137255
1.2823529411764705
-1.2666666666666666
-2.388235294117647
-1.9333333333333333
-2.0745098039215684
-0.5607843137254902
-1.9019607843137254
-1.3686274509803922
-2.098039215686274
-1.5176470588235293
-2.7098039215686276
-2.4901960784313726
-2.011764705882353
-2.1137254901960785
0.2470588235294119
0.8431372549019609
-2.168627450980392
-1.1176470588235294
-2.615686274509804
-0.5450980392156862
-2.6470588235294117
-0.48235294117647054
-2.223529411764706
-1.8784313725490196
-2.6470588235294117
-2.592156862745098
-2.0431372549019606
-2.1137254901960785
-2.184313725490196
-0.3411764705882354
-1.8705882352941177
-0.4745098039215686
-1.3058823529411765
-0.30980392156862735
-2.184313725490196
-0.7254901960784315
-2.4980392156862745
-2.788235294117647
-2.4980392156862745
-0.8352941176470589
-0.9058823529411765
-0.34901960784313735
-0.15294117647058814
-1.1803921568627451
-2.3254901960784315
-1.6588235294117646
-2.7333333333333334
-2.317647058823529
-0.18431372549019598
-2.1843137254901963
-0.9764705882352941
-1.5490196078431373
-2.0980392156862746
-1.1725490196078432
0.39607843137254906
0.4509803921568628
-1.3137254901960784
-2.207843137254902
-1.6509803921568627
-0.4274509803921568
-2.1607843137254905
-0.5058823529411766
-2.23921568627451
-1.7294117647058824
-1.9254901960784314
-2.5764705882352943
-1.2352941176470589
-1.7294117647058824
-1.392156862745098
-0.9137254901960784
-0.8431372549019608
-2.2549019607843137
-2.568627450980392
-2.0431372549019606
-1.5803921568627453
-0.568627450980392
-1.7137254901960786
-1.2509803921568627
-2.7176470588235295
-1.8784313725490196
-2.1294117647058823
-1.8
-1.3372549019607844
-2.388235294117647
-1.596078431372549
0.5215686274509804
1.8
-1.784313725490196
-2.7411764705882353
-1.9254901960784312
-0.5607843137254902
-1.9019607843137254
-1.9568627450980394
-2.380392156862745
-2.458823529411765
-1.8627450980392157
-1.1176470588235294
-2.231372549019608
-0.7333333333333333
-2.6470588235294117
-1.4862745098039216
-2.3019607843137253
-0.35686274509803917
-0.01176470588235301
-1.3294117647058823
-1.831372549019608
-1.9490196078431372
-1.2588235294117647
-1.0627450980392155
-2.4745098039215687
-2.466666666666667
-0.050980392156862786
-2.003921568627451
-2.0274509803921568
-1.3137254901960784
-2.215686274509804
-1.0392156862745099
-0.8196078431372549
-2.1215686274509804
-2.152941176470588
-2.0901960784313722
-1.988235294117647
-2.5607843137254904
-1.0784313725490198
-2.058823529411765
-1.792156862745098
-2.3568627450980393
-1.588235294117647
-2.207843137254902
-1.6509803921568627
-0.4509803921568627
-2.113725490196078
-1.8705882352941174
-2.364705882352941
-2.223529411764706
-2.0666666666666664
-1.815686274509804
-0.9686274509803922
0.48235294117647065
-1.6901960784313725
-1.6745098039215685
-2.466666666666667
-2.623529411764706
-2.388235294117647
-2.0666666666666664
-1.4470588235294117
-2.0901960784313722
-2.23921568627451
-0.4509803921568627
-2.341176470588235
-1.007843137254902
-1.2901960784313724
-1.9647058823529413
-2.003921568627451
-0.26274509803921564
-2.670588235294118
-2.764705882352941
-2.145098039215686
-2.0980392156862746
-2.0274509803921568
-0.5607843137254901
-1.768627450980392
-1.4078431372549018
-1.6980392156862743
-0.05882352941176483
-2.2
-2.207843137254902
-1.203921568627451
0.12941176470588245
-1.6901960784313725
-2.372549019607843
-1.7607843137254902
0.1215686274509803
-1.4627450980392158
-0.10588235294117654
-2.2784313725490195
-2.0431372549019606
-2.3333333333333335
0.5607843137254902
-1.549019607843137
-1.7058823529411764
-2.4980392156862745
-1.4784313725490197
-1.9490196078431372
-1.3764705882352941
-2.2705882352941176
-0.8117647058823529
-2.333333333333333
-2.223529411764706
-0.6705882352941177
-1.3686274509803922
0.0745098039215688
-0.34901960784313724
-0.4980392156862745
-2.427450980392157
-1.8392156862745097
-2.223529411764706
-2.3176470588235296
-0.0039215686274510775
-2.380392156862745
-2.1372549019607847
0.2705882352941176
-2.2549019607843137
0.1686274509803921
-1.9803921568627452
0.01176470588235301
-2.6705882352941175
-2.615686274509804
-1.5803921568627453
-2.631372549019608
-0.7254901960784313
0.05882352941176472
0.6784313725490196
-1.6901960784313725
-2.552941176470588
-0.2941176470588235
0.2313725490196077
-2.615686274509804
-0.803921568627451
-2.192156862745098
0.5294117647058824
-0.7882352941176471
-0.20000000000000007
-1.8627450980392155
-2.5215686274509803
-1.6980392156862743
-2.145098039215686
-1.815686274509804
-1.0392156862745097
0.45882352941176463
-2.56078431372549
-1.6980392156862743
0.07450980392156858
-1.007843137254902
-0.01960784313725472
-0.35686274509803917
0.9137254901960785
-1.8470588235294119
-1.611764705882353
0.3568627450980394
-2.0901960784313727
0.2784313725490195
-2.5215686274509803
-1.996078431372549
-2.16078431372549
-0.8823529411764706
-1.0392156862745099
-2.168627450980392
-1.2431372549019608
-1.7450980392156863
-0.1215686274509804
-0.16862745098039233
-1.3686274509803922
-0.6941176470588235
-1.9882352941176469
-2.2549019607843137
-1.4078431372549018
-1.4392156862745098
-1.7294117647058824
-2.9372549019607845
-2.223529411764706
-2.5843137254901962
-2.615686274509804
0.21568627450980393
-2.0352941176470587
-1.196078431372549
-0.5372549019607843
-0.9294117647058824
0.3411764705882352
-1.4156862745098038
-2.0509803921568626
-1.156862745098039
-0.9607843137254901
-1.9725490196078432
0.7647058823529411
-1.6666666666666667
-2.1843137254901963
-2.1215686274509804
-1.9490196078431372
-2.380392156862745
0.4431372549019609
-1.3607843137254902
-1.572549019607843
-1.0549019607843135
-1.4549019607843137
-2.403921568627451
-1.980392156862745
1.0392156862745099
-0.19215686274509802
-2.0901960784313727
-0.6784313725490194
0.8431372549019607
0.2941176470588236
-1.7215686274509805
0.6156862745098038
-1.3764705882352941
0.06666666666666687
-1.941176470588235
0.5450980392156862
-2.145098039215686
-1.5411764705882351
-2.3490196078431373
-1.8941176470588235
-0.0039215686274509665
-0.5372549019607843
-1.8470588235294116
-0.08235294117647052
-0.01176470588235301
-1.603921568627451
-1.8313725490196078
-2.2705882352941176
0.607843137254902
-0.6862745098039217
-1.8705882352941177
-1.7921568627450981
-2.1921568627450982
-2.0352941176470587
-1.2823529411764705
-2.2549019607843137
-1.0235294117647058
-2.3333333333333335
-0.5764705882352941
-1.5411764705882351
-0.9843137254901961
-1.2901960784313724
-1.0313725490196077
-1.9019607843137254
-2.6078431372549016
-1.3686274509803922
-1.9019607843137254
-1.831372549019608
-2.4117647058823533
-2.1372549019607843
-1.564705882352941
-2.6941176470588237
-2.3568627450980393
-1.6588235294117646
-2.466666666666667
-1.8313725490196078
0.3176470588235294
-1.9098039215686273
-2.1215686274509804
-2.2705882352941176
-1.384313725490196
-1.3294117647058823
-1.9176470588235293
-0.0980392156862745
-1.5333333333333332
-1.5333333333333332
-0.9372549019607843
-1.784313725490196
-0.5764705882352941
-0.5294117647058822
-2.0901960784313722
-1.4
-1.1254901960784314
-1.0
-2.4823529411764707
-1.9411764705882353
-1.9098039215686273
0.3019607843137255
-2.0823529411764707
-2.1686274509803924
-1.5882352941176467
-0.7411764705882353
-1.72156862745098
-0.7490196078431371
-1.5098039215686274
-2.207843137254902
-2.4823529411764707
-2.098039215686274
-1.996078431372549
-1.211764705882353
-2.4901960784313726
-2.3411764705882354
-2.215686274509804
0.9843137254901959
-1.0470588235294118
-2.364705882352941
-2.568627450980392
-2.23921568627451
-0.3647058823529411
-2.607843137254902
-2.3568627450980393
-2.3098039215686277
-0.2313725490196079
-2.419607843137255
-1.6039215686274508
-1.9254901960784314
-1.7607843137254902
-0.4274509803921569
-2.2627450980392156
-1.211764705882353
-2.466666666666667
-2.3490196078431373
0.21568627450980404
-1.8313725490196078
1.7294117647058824
-0.4901960784313725
0.22352941176470587
0.4745098039215685
0.3803921568627452
-1.0627450980392157
-2.3568627450980393
-2.2549019607843137
-1.4078431372549018
-1.7686274509803923
-1.9647058823529413
-1.3529411764705883
-2.435294117647059
0.19999999999999984
0.4509803921568627
-2.0431372549019606
-1.619607843137255
-2.207843137254902
-1.1098039215686275
0.5764705882352942
-2.2
-2.5058823529411764
-1.156862745098039
-0.48235294117647065
-2.2705882352941176
-1.2352941176470589
0.7725490196078433
-0.39607843137254894
-2.27843137254902
-1.941176470588235
-1.9176470588235293
-0.4745098039215687
-0.24705882352941178
-2.3019607843137257
-2.435294117647059
-0.7725490196078431
-1.4549019607843139
-2.4823529411764707
-0.9215686274509802
-2.3254901960784315
-1.768627450980392
-1.196078431372549
-2.380392156862745
-2.1843137254901963
-1.180392156862745
-1.0235294117647058
-2.2156862745098036
1.3450980392156862
-1.7215686274509803
-0.43529411764705894
-2.0588235294117645
-2.4901960784313726
-0.7647058823529411
0.6941176470588236
0.24705882352941166
-0.7333333333333333
-2.1215686274509804
-1.996078431372549
-2.5137254901960784
-0.45882352941176463
-2.388235294117647
-1.6901960784313725
-2.333333333333333
0.10588235294117654
-0.5764705882352942
-1.4
-1.1725490196078432
-0.6392156862745099
-2.231372549019608
0.5450980392156862
-0.45882352941176474
-2.5137254901960784
-2.0745098039215684
-2.0980392156862746
-2.592156862745098
0.6470588235294119
-2.56078431372549
-1.3607843137254902
-2.607843137254902
-2.325490196078431
-0.5215686274509804
-1.0549019607843135
0.9607843137254901
-2.207843137254902
-2.4980392156862745
-2.4196078431372547
-0.5372549019607843
-1.9254901960784312
-2.3254901960784315
-1.1411764705882352
-2.223529411764706
-2.23921568627451
0.39607843137254894
-2.0588235294117645
-0.8274509803921568
-0.019607843137254943
-2.231372549019608
-1.980392156862745
-0.37254901960784303
-1.0549019607843138
-0.22352941176470587
-1.9568627450980394
-0.44313725490196076
-1.1333333333333333
-0.6941176470588235
-1.8941176470588235
-2.396078431372549
-0.8745098039215685
-2.0588235294117645
-0.8509803921568628
-2.325490196078431
-1.8235294117647056
-2.7490196078431373
-2.019607843137255
-1.5882352941176472
-1.211764705882353
-0.8352941176470589
-1.4862745098039214
-2.6627450980392156
-0.607843137254902
-0.5215686274509802
-2.2941176470588234
-2.372549019607843
-0.9372549019607843
-1.1333333333333333
-1.8862745098039215
-1.0470588235294116
-1.0235294117647058
0.05882352941176461
0.30980392156862757
0.4509803921568629
0.6000000000000001
-0.34901960784313735
-0.6941176470588236
-0.7803921568627451
-2.2627450980392156
-0.9058823529411765
-2.450980392156863
-0.22352941176470587
-0.7411764705882353
-1.9019607843137256
-1.8941176470588235
-2.074509803921569
-1.588235294117647
-2.631372549019608
-1.9647058823529413
0.1607843137254903
0.9294117647058822
-2.3333333333333335
-1.0313725490196077
-1.7450980392156863
-0.4117647058823529
-0.7098039215686275
-1.4078431372549018
-1.9019607843137254
-1.7215686274509803
-2.3490196078431373
-1.6509803921568627
-1.7215686274509803
0.7411764705882353
0.28627450980392155
-2.466666666666667
-2.0352941176470587
-2.231372549019608
-0.26274509803921564
-2.223529411764706
0.388235294117647
-0.09019607843137256
1.376470588235294
-1.0784313725490196
-2.3098039215686272
-2.019607843137255
-1.0392156862745097
-2.764705882352941
-2.333333333333333
-1.792156862745098
-1.619607843137255
-2.5215686274509803
-2.1215686274509804
-2.1294117647058823
-0.34901960784313724
-2.3019607843137253
-1.4235294117647057
-1.0705882352941174
-2.0274509803921568
-2.380392156862745
-1.4470588235294117
-2.2784313725490195
-2.3803921568627446
0.30980392156862724
-1.4235294117647057
-0.7568627450980392
1.384313725490196
-1.211764705882353
0.05882352941176472
0.0980392156862746
-2.411764705882353
-2.5294117647058822
-1.2823529411764705
-1.9490196078431372
-1.6901960784313725
-2.1450980392156866
-0.6784313725490196
-2.388235294117647
0.12941176470588245
0.26274509803921575
-0.34901960784313735
-1.007843137254902
-2.7098039215686276
-1.4313725490196079
-2.5215686274509803
1.0549019607843135
-1.815686274509804
-2.1215686274509804
-2.184313725490196
-1.5647058823529414
-2.2627450980392156
-2.0431372549019606
-2.552941176470588
-2.67843137254902
-0.9372549019607842
-2.231372549019608
-0.8352941176470587
-1.784313725490196
-2.631372549019608
-1.7607843137254902
-2.1137254901960785
-2.1294117647058823
-2.23921568627451
-1.7529411764705882
-1.9725490196078432
-2.2784313725490195
-1.5254901960784313
-1.5333333333333332
-1.5411764705882351
0.4274509803921568
-2.568627450980392
0.0980392156862746
-1.8627450980392157
-0.2078431372549019
-2.2627450980392156
-1.0784313725490198
0.8117647058823529
-2.388235294117647
-1.7607843137254902
-1.156862745098039
-2.4901960784313726
-0.8039215686274509
-0.9686274509803922
-0.8431372549019607
-2.1921568627450982
0.8666666666666665
-2.419607843137255
-1.172549019607843
-0.6000000000000001
-0.3254901960784313
-2.0588235294117645
-2.4117647058823533
-1.8549019607843138
-1.9568627450980391
0.23921568627450962
-0.30980392156862746
-0.9215686274509804
-2.607843137254902
-0.7882352941176471
-1.6274509803921569
-1.807843137254902
-1.3372549019607844
0.568627450980392
-2.2627450980392156
-1.996078431372549
-1.8470588235294119
-2.0901960784313722
-2.427450980392157
0.5529411764705883
-2.3176470588235296
-0.8196078431372548
-2.231372549019608
-2.3019607843137253
-1.219607843137255
-1.9019607843137254
-2.019607843137255
-1.3372549019607844
-2.364705882352941
-1.9647058823529413
-1.619607843137255
-2.388235294117647
0.09019607843137256
-1.549019607843137
-1.8784313725490198
-1.7921568627450981
-1.768627450980392
-2.349019607843137
0.5058823529411763
-0.7725490196078431
-1.3529411764705883
-2.0666666666666664
-0.8588235294117648
-2.3960784313725494
-1.6509803921568627
-2.145098039215686
-1.6431372549019607
-0.5529411764705882
-0.6705882352941177
-2.3019607843137253
-0.9294117647058823
-2.4980392156862745
-0.06666666666666654
-1.1333333333333333
-2.5058823529411764
-0.10588235294117654
-2.466666666666667
-1.6666666666666665
-2.615686274509804
-0.8509803921568628
-1.8
0.10588235294117643
0.28627450980392144
-2.3411764705882354
-2.2470588235294118
-0.9294117647058824
-2.7098039215686276
-0.4666666666666667
-1.9490196078431372
-1.5098039215686274
-2.403921568627451
-2.231372549019608
-1.8862745098039218
-0.4039215686274509
-0.44313725490196076
-2.5137254901960784
-2.2549019607843137
-2.403921568627451
-0.9058823529411765
0.6705882352941177
-2.756862745098039
-1.5882352941176472
-2.3019607843137253
-1.4313725490196079
-2.1529411764705886
-1.956862745098039
-2.325490196078431
-1.1490196078431372
-0.13725490196078438
-0.12941176470588223
-0.592156862745098
-1.8235294117647058
-2.803921568627451
-0.7803921568627452
-2.3019607843137253
-1.9019607843137254
-1.0235294117647058
-2.403921568627451
-1.6666666666666665
-2.403921568627451
-2.780392156862745
-0.9450980392156862
-2.2627450980392156
-1.7215686274509805
-0.9137254901960784
-2.16078431372549
-0.0745098039215688
-2.772549019607843
-0.5215686274509804
-1.0784313725490196
-2.1215686274509804
-2.0588235294117645
-1.3450980392156862
-2.2549019607843137
-2.372549019607843
-2.011764705882353
-2.396078431372549
-1.2666666666666666
-2.4980392156862745
-2.098039215686274
-0.10588235294117643
-2.207843137254902
-0.07450980392156858
-1.580392156862745
-1.9333333333333336
-1.4705882352941175
-1.0156862745098039
0.4117647058823528
0.28627450980392155
-1.8549019607843138
-1.7607843137254902
-1.203921568627451
-2.0274509803921568
-2.450980392156863
-2.019607843137255
-0.6392156862745099
-2.3568627450980393
-1.8
-0.9764705882352941
-1.3294117647058823
-2.443137254901961
-2.4980392156862745
-1.619607843137255
-2.0274509803921568
-1.949019607843137
-2.3098039215686272
-2.3490196078431373
-1.6588235294117646
-2.7333333333333334
-1.7607843137254902
-2.231372549019608
0.0039215686274510775
-1.588235294117647
-2.537254901960784
-0.0745098039215687
0.2313725490196077
-2.592156862745098
-1.8784313725490194
-1.2431372549019608
-0.6549019607843137
-2.050980392156863
-0.6
-1.1254901960784314
-1.1411764705882352
-2.16078431372549
-2.1294117647058823
-2.0980392156862746
-2.184313725490196
-2.2549019607843137
-1.007843137254902
-0.41960784313725497
-2.3960784313725494
-0.13725490196078438
-2.1686274509803924
-2.5450980392156866
-0.8274509803921568
-1.996078431372549
-2.372549019607843
-2.2549019607843137
-2.396078431372549
-0.5921568627450979
-2.7176470588235295
-1.6823529411764706
0.9294117647058826
-2.1215686274509804
-0.5529411764705882
-1.1176470588235294
-2.0509803921568626
-2.2784313725490195
-2.0901960784313727
-0.7176470588235295
-2.427450980392157
-0.6627450980392158
-0.027450980392156876
-2.1529411764705886
-1.807843137254902
-2.2470588235294118
-2.3098039215686272
-2.019607843137255
0.3176470588235294
-1.8313725490196076
-2.0980392156862746
-0.9294117647058824
-0.4274509803921569
-2.333333333333333
-1.0705882352941178
-1.0627450980392157
-0.6235294117647059
-1.5019607843137255
0.5529411764705883
-2.4823529411764707
-2.466666666666667
-2.1686274509803924
-2.1686274509803924
-1.9490196078431374
-1.941176470588235
-2.2549019607843137
-0.9450980392156862
-2.552941176470588
-0.6941176470588235
-1.8705882352941177
-2.4823529411764707
-1.6588235294117646
-1.8705882352941177
-2.4823529411764707
-2.019607843137255
-1.6745098039215685
-0.027450980392156876
-0.10588235294117643
-2.2627450980392156
-1.2823529411764705
-2.231372549019608
-1.1019607843137256
-2.23921568627451
-2.388235294117647
0.3647058823529412
-0.5607843137254901
-1.4470588235294115
-2.388235294117647
-0.7725490196078432
-1.1254901960784314
-2.011764705882353
-2.0666666666666664
-1.2980392156862743
-1.7215686274509805
-2.286274509803922
-2.450980392156863
-2.3960784313725494
0.6078431372549019
-2.3568627450980393
-1.6431372549019607
-0.30980392156862735
-1.9019607843137254
-0.992156862745098
1.1019607843137256
-2.2627450980392156
-1.4
0.5607843137254902
-0.7333333333333333
-2.5843137254901962
-0.6470588235294117
-0.1450980392156862
-2.615686274509804
-2.4745098039215687
-1.5333333333333332
-2.23921568627451
0.43529411764705883
-0.5058823529411764
2.0274509803921568
-1.1411764705882352
-1.8862745098039215
0.6313725490196078
-1.9019607843137256
-2.450980392156863
-1.9568627450980391
-2.0274509803921568
-1.6431372549019607
-2.427450980392157
-1.8078431372549018
-0.8823529411764705
-0.6862745098039215
-2.003921568627451
-1.4862745098039216
-2.223529411764706
-2.2784313725490195
-2.4745098039215687
-1.6823529411764706
-2.4745098039215687
-2.0901960784313722
-1.4156862745098038
-2.419607843137255
0.08235294117647063
0.6235294117647059
-1.5411764705882351
0.12941176470588245
-2.427450980392157
-1.6666666666666665
-2.0745098039215684
-1.4
-1.1176470588235294
0.08235294117647074
-2.7176470588235295
-1.3058823529411765
-2.1529411764705886
-1.2823529411764705
-0.8666666666666667
-1.5176470588235293
-1.9019607843137254
-1.8941176470588235
-1.1333333333333333
-0.9372549019607843
-2.145098039215686
-1.5411764705882354
-1.4941176470588236
-2.23921568627451
-2.5294117647058822
-2.207843137254902
-1.611764705882353
-0.5372549019607843
-1.5411764705882351
-0.9058823529411765
-1.3294117647058825
-2.3254901960784315
-0.6549019607843136
-2.168627450980392
-2.364705882352941
-0.9372549019607843
-0.7647058823529412
-1.4941176470588236
-2.2784313725490195
-2.427450980392157
0.08235294117647074
-1.611764705882353
-2.4823529411764707
-1.6588235294117646
-1.9254901960784314
-2.403921568627451
-2.184313725490196
-1.9019607843137254
0.20000000000000007
-1.9019607843137254
-2.1137254901960785
-2.2784313725490195
0.2705882352941178
-2.662745098039216
-1.7843137254901962
-2.372549019607843
-2.207843137254902
-1.9803921568627452
-1.9176470588235295
-1.815686274509804
-2.3568627450980393
0.17647058823529416
-0.4901960784313725
-2.011764705882353
-1.3294117647058825
-2.56078431372549
-1.5960784313725491
-2.2627450980392156
-2.019607843137255
-0.3019607843137254
-1.219607843137255
-2.1372549019607843
-2.427450980392157
-2.1921568627450982
-2.019607843137255
-0.5294117647058824
-2.176470588235294
-2.6705882352941175
-2.2941176470588234
-2.2549019607843137
-2.537254901960784
-1.7294117647058824
-2.0509803921568626
-0.41960784313725485
-2.231372549019608
-2.403921568627451
-2.207843137254902
-1.227450980392157
-2.372549019607843
-2.098039215686274
-2.0274509803921568
-0.7019607843137255
0.41960784313725485
-2.1843137254901963
-0.388235294117647
-1.7215686274509803
-1.9254901960784314
0.8274509803921568
-0.6313725490196077
-2.9215686274509802
-1.5803921568627453
-2.584313725490196
0.019607843137254832
-2.2705882352941176
-2.364705882352941
-1.7058823529411764
-1.6352941176470588
-1.6666666666666665
-1.8470588235294119
-1.784313725490196
-1.9098039215686275
-2.3019607843137253
-0.3411764705882352
-1.6431372549019607
-1.0784313725490196
-0.7411764705882352
-0.8352941176470589
-1.8862745098039215
-1.619607843137255
-2.0352941176470587
-2.1215686274509804
-1.0549019607843135
-0.5215686274509803
-2.2549019607843137
-1.0705882352941178
-1.5254901960784313
-1.972549019607843
1.3450980392156862
-1.5098039215686274
-1.203921568627451
0.6784313725490196
-1.9490196078431374
0.4274509803921568
-0.2941176470588235
-1.1019607843137256
-0.8901960784313725
-2.0274509803921568
-2.0509803921568626
-0.6627450980392157
-0.22352941176470575
-2.098039215686274
-1.8549019607843138
-2.364705882352941
-1.603921568627451
-0.06666666666666665
-0.992156862745098
0.05882352941176472
-1.3529411764705883
-1.9490196078431374
-1.3686274509803922
-0.3411764705882352
-2.8588235294117643
-2.152941176470588
-2.231372549019608
-2.5137254901960784
-2.1764705882352944
-1.6588235294117646
-1.007843137254902
-0.33333333333333337
-0.6627450980392157
-1.2509803921568627
-0.4509803921568627
-2.1372549019607843
0.5999999999999999
-2.435294117647059
-0.6784313725490196
-0.5529411764705883
-1.7058823529411762
-1.3607843137254902
-1.5647058823529414
-0.5058823529411764
-0.9529411764705882
-1.603921568627451
0.027450980392156876
-1.3607843137254902
-1.9254901960784312
-1.3764705882352941
-2.4980392156862745
-1.6980392156862745
0.5372549019607842
-2.466666666666667
-2.1137254901960785
-2.0431372549019606
-0.9372549019607843
-0.3568627450980393
-1.4470588235294117
0.6156862745098041
-1.1411764705882352
0.8745098039215686
-2.2941176470588234
0.04313725490196074
-0.7176470588235293
-1.7215686274509805
-2.7176470588235295
-2.0901960784313722
-1.9725490196078432
-2.443137254901961
-0.4901960784313725
-2.1294117647058823
-1.5803921568627448
-2.3568627450980393
-2.443137254901961
-1.2509803921568627
-1.5882352941176472
-1.8313725490196078
-1.1725490196078432
0.5607843137254902
-2.427450980392157
-0.20000000000000007
-2.003921568627451
-1.2588235294117647
-2.003921568627451
0.5999999999999999
-1.2588235294117647
-0.8588235294117647
-0.019607843137254943
-2.341176470588235
-1.0235294117647058
-2.1843137254901963
-1.5725490196078429
0.6156862745098038
-1.164705882352941
-0.05882352941176472
-0.3882352941176471
-2.5137254901960784
-2.341176470588235
-2.1058823529411765
-2.4901960784313726
-0.19999999999999996
-1.4078431372549018
-1.8078431372549018
-0.2549019607843137
-2.592156862745098
-0.3647058823529412
-2.0745098039215684
-1.384313725490196
-1.9019607843137254
-1.9411764705882355
-2.2784313725490195
-2.5294117647058822
-1.5019607843137255
0.12156862745098052
-0.8588235294117648
-1.7372549019607841
-0.05882352941176494
-0.4901960784313725
-2.2705882352941176
-2.3176470588235296
-2.3098039215686272
-1.9568627450980391
-2.003921568627451
-1.9254901960784314
-2.4980392156862745
-2.1843137254901963
-1.5803921568627453
-1.6666666666666665
-0.5686274509803921
-1.4784313725490197
-2.5058823529411764
-2.0901960784313727
-1.7607843137254902
-1.196078431372549
-1.4549019607843139
-1.619607843137255
-1.0862745098039217
-1.8627450980392157
-2.372549019607843
-2.2784313725490195
-2.3960784313725494
-2.1137254901960785
-0.6784313725490195
-1.83921568627451
0.2705882352941177
0.027450980392156765
-1.0156862745098039
-2.207843137254902
-2.0431372549019606
-1.815686274509804
-2.607843137254902
-2.5215686274509803
-2.0509803921568626
-2.435294117647059
-1.7137254901960786
1.0941176470588234
-1.1411764705882352
-0.48235294117647054
-1.5019607843137255
-2.419607843137255
0.2705882352941178
-2.23921568627451
-1.83921568627451
-2.1764705882352944
-1.807843137254902
-2.584313725490196
-1.8862745098039215
-0.0117647058823529
-1.5333333333333332
-1.9490196078431372
-2.5215686274509803
-2.4352941176470586
-1.8078431372549022
-0.5607843137254902
-2.2470588235294118
-2.607843137254902
-1.9019607843137254
-2.3019607843137253
-1.8862745098039215
-1.9019607843137254
-1.5176470588235293
-1.7607843137254902
-2.1764705882352944
-0.607843137254902
-1.227450980392157
-2.3490196078431373
-1.6980392156862747
0.5294117647058824
-2.6941176470588237
-0.8431372549019607
-1.5411764705882351
-1.0235294117647058
-1.5960784313725491
-1.172549019607843
-2.145098039215686
-2.168627450980392
-2.1921568627450982
-2.796078431372549
-1.203921568627451
-1.8470588235294119
0.10588235294117654
-0.1215686274509804
-1.0627450980392157
-0.3411764705882353
-1.4156862745098038
-1.227450980392157
0.34901960784313724
-1.2901960784313724
-0.03529411764705892
-0.811764705882353
-0.7411764705882352
-1.6666666666666667
-1.384313725490196
-0.8509803921568628
-2.1058823529411765
-2.419607843137255
-2.0666666666666664
-0.9921568627450981
0.18431372549019598
-1.611764705882353
-0.2313725490196078
-1.1803921568627451
-1.9254901960784312
-1.996078431372549
-1.996078431372549
-2.396078431372549
-2.215686274509804
-2.0274509803921568
-2.0274509803921568
-0.06666666666666665
-2.1764705882352944
-2.215686274509804
-1.4470588235294117
-1.164705882352941
-1.0235294117647058
-2.317647058823529
1.9568627450980391
-2.435294117647059
-1.8313725490196078
-2.145098039215686
-2.607843137254902
-0.615686274509804
1.3294117647058823
-1.8705882352941177
-1.8549019607843138
-2.16078431372549
-2.152941176470588
-0.07450980392156847
-0.3647058823529411
-1.0862745098039217
-1.6509803921568629
-2.0901960784313727
1.031372549019608
-2.4039215686274513
-1.768627450980392
-0.49803921568627463
-2.450980392156863
-0.3882352941176471
-0.14509803921568631
-1.0235294117647058
-0.5137254901960784
-1.7058823529411766
-1.0941176470588236
-0.04313725490196074
-1.5568627450980392
-2.0666666666666664
-1.0941176470588236
-2.6
-1.8941176470588237
-0.7333333333333334
-2.333333333333333
-1.7607843137254902
0.41960784313725485
-0.46666666666666656
-2.207843137254902
-2.207843137254902
1.196078431372549
-1.2352941176470589
-2.207843137254902
-1.0627450980392157
-1.7294117647058824
-0.4352941176470587
-1.4862745098039216
0.5137254901960785
-2.0823529411764707
-2.1215686274509804
-0.027450980392156876
-0.403921568627451
-1.7450980392156863
-0.8274509803921569
-0.3882352941176471
-1.611764705882353
-1.603921568627451
-0.26274509803921564
-0.7647058823529412
-0.5450980392156862
-2.686274509803922
-0.7176470588235294
-1.0
-2.8588235294117648
-1.611764705882353
-0.5215686274509804
-1.5568627450980392
-1.784313725490196
-2.56078431372549
0.5607843137254902
0.08235294117647074
-0.5686274509803922
-0.0117647058823529
-2.2862745098039214
-0.9529411764705882
-2.5215686274509803
-2.458823529411765
-1.5803921568627453
-1.9568627450980391
-1.4078431372549018
-2.6941176470588237
-0.17647058823529416
-1.7137254901960781
-2.2
-2.3254901960784315
-1.2901960784313726
-1.792156862745098
-1.8862745098039215
-0.11372549019607847
-0.2313725490196079
-0.11372549019607836
-2.1686274509803924
-0.5450980392156863
-1.156862745098039
-1.9333333333333333
-2.215686274509804
-1.2901960784313724
-2.443137254901961
-0.41960784313725497
0.0039215686274510775
-1.7921568627450981
-2.1215686274509804
-1.2745098039215685
0.05882352941176472
-2.592156862745098
-1.7215686274509803
-2.2941176470588234
-2.2549019607843137
-2.2784313725490195
-2.0745098039215684
-0.4274509803921567
-2.0745098039215684
-1.8392156862745097
1.4000000000000001
-2.223529411764706
-1.4392156862745098
-1.9490196078431374
0.10588235294117654
-0.8274509803921569
-1.211764705882353
-1.0627450980392157
-2.1921568627450982
-0.819607843137255
-0.5137254901960784
-2.5843137254901962
-0.5137254901960785
-2.7333333333333334
-1.3058823529411763
-2.1607843137254905
-0.2705882352941177
-2.3019607843137253
-0.48235294117647054
-2.4901960784313726
-2.7960784313725493
-2.5215686274509803
-2.2941176470588234
-1.7607843137254902
-1.2117647058823529
-0.6941176470588236
-0.1686274509803921
-2.2
-0.5843137254901961
-2.5215686274509803
-2.129411764705883
-1.4078431372549018
-1.8784313725490196
-2.215686274509804
-2.019607843137255
-0.2313725490196078
-1.196078431372549
0.28627450980392155
-2.2705882352941176
-2.5137254901960784
-2.349019607843137
-1.7215686274509805
-2.145098039215686
-0.04313725490196085
0.7803921568627452
-0.5686274509803921
-1.8862745098039215
0.0745098039215687
-0.7647058823529412
-2.380392156862745
-1.996078431372549
-2.0588235294117645
-1.211764705882353
0.7882352941176471
-2.3254901960784315
-1.3215686274509801
-2.466666666666667
-2.6470588235294117
-0.01176470588235301
-1.5333333333333332
-1.3215686274509804
-0.4666666666666668
-2.0352941176470587
-2.5215686274509803
-2.4745098039215687
-0.3647058823529412
-1.2980392156862746
-2.388235294117647
-1.5882352941176472
-2.3490196078431373
1.4549019607843137
-1.2666666666666666
-1.5019607843137255
0.23921568627450984
0.8823529411764707
-0.43529411764705883
-2.019607843137255
-0.8196078431372549
-1.3137254901960784
-2.23921568627451
-1.3058823529411765
-2.3960784313725494
-2.0666666666666664
-2.333333333333333
-0.43529411764705883
-1.792156862745098
-1.8862745098039215
-1.8235294117647058
-1.4000000000000001
-0.5058823529411766
-1.8313725490196076
-1.007843137254902
-0.5607843137254903
-0.3647058823529411
-2.0823529411764703
-0.7647058823529411
-1.8784313725490194
-0.6000000000000001
-1.4235294117647057
-0.3647058823529412
-2.4745098039215687
0.04313725490196085
-1.3294117647058825
-1.784313725490196
0.3411764705882353
-2.003921568627451
-1.5019607843137255
0.6862745098039216
-0.3411764705882353
-1.8941176470588235
-1.4078431372549018
-0.05882352941176472
0.8274509803921567
-1.619607843137255
-1.9803921568627452
-2.1294117647058823
-1.4392156862745098
-2.1294117647058823
-1.807843137254902
-1.6745098039215685
-0.41960784313725497
-2.56078431372549
-2.592156862745098
-1.0549019607843138
-1.227450980392157
-1.3529411764705883
-1.9176470588235293
-1.4862745098039216
-1.0705882352941176
0.0117647058823529
-2.1529411764705886
-2.1529411764705886
-0.027450980392156765
-1.384313725490196
-1.603921568627451
-2.231372549019608
-2.537254901960784
-2.435294117647059
0.6392156862745096
-1.776470588235294
-2.411764705882353
-2.411764705882353
-1.572549019607843
-1.8392156862745097
-2.396078431372549
-2.003921568627451
-2.1686274509803924
-2.0901960784313727
-1.1176470588235294
-0.584313725490196
-1.8705882352941174
-2.1843137254901963
-0.615686274509804
-1.8078431372549018
0.5137254901960783
-1.964705882352941
-2.1215686274509804
-1.0627450980392155
-0.41960784313725485
-0.7490196078431374
-1.3450980392156864
-2.2627450980392156
-0.8117647058823528
-1.9803921568627452
-1.5725490196078429
-2.1921568627450982
-2.396078431372549
-0.5137254901960785
-2.1294117647058823
-1.784313725490196
-2.1921568627450982
-2.3490196078431373
-1.5098039215686274
-0.4901960784313726
-0.12941176470588234
-2.0745098039215684
-1.1098039215686275
-1.6901960784313725
-2.4901960784313726
-0.7490196078431373
-1.5254901960784313
-2.0588235294117645
-0.8431372549019609
-1.949019607843137
-0.7333333333333333
0.8117647058823529
-2.2549019607843137
-2.325490196078431
-1.2588235294117647
-2.215686274509804
-2.3490196078431373
-2.552941176470588
-2.2470588235294118
-2.074509803921569
-0.41176470588235303
-2.411764705882353
-1.2509803921568627
-0.11372549019607836
-2.380392156862745
-2.2627450980392156
-1.4549019607843137
-2.1215686274509804
0.0117647058823529
-1.2980392156862743
-2.5529411764705885
-1.3137254901960784
-1.964705882352941
-1.9960784313725488
-1.0627450980392157
-1.6745098039215685
-1.1490196078431372
-1.8862745098039218
-2.2627450980392156
-2.215686274509804
-2.168627450980392
0.3647058823529411
-0.2078431372549019
-0.01176470588235301
0.3568627450980394
-1.9019607843137254
-2.4901960784313726
-0.6470588235294118
-1.823529411764706
-2.435294117647059
-2.2784313725490195
-2.011764705882353
-2.411764705882353
-1.9725490196078432
-2.4901960784313726
-0.5450980392156862
-1.8235294117647058
-2.372549019607843
-2.231372549019608
-2.2784313725490195
-2.7333333333333334
-0.403921568627451
-1.611764705882353
-1.2980392156862743
-2.756862745098039
0.6941176470588235
0.04313725490196085
-1.9254901960784314
-1.7372549019607844
-2.1372549019607843
0.37254901960784326
-2.3019607843137253
-0.5921568627450982
-0.5764705882352941
-0.4117647058823529
-2.1450980392156866
-1.3764705882352941
-0.8823529411764706
-1.0313725490196077
0.6156862745098038
-0.4509803921568628
-2.145098039215686
-0.4509803921568629
-0.3882352941176471
-1.4549019607843137
-2.0431372549019606
-2.0745098039215684
-1.392156862745098
-2.3490196078431373
-1.6823529411764706
-1.7058823529411764
-2.3411764705882354
-1.9803921568627452
-2.545098039215686
-1.4705882352941178
-0.6392156862745098
0.23921568627450984
-2.2784313725490195
-2.2627450980392156
-1.603921568627451
-1.4156862745098038
0.08235294117647052
-2.552941176470588
-2.4901960784313726
-0.5607843137254903
-0.6784313725490196
-1.768627450980392
-1.7137254901960783
-0.6392156862745096
-1.6431372549019607
-0.7490196078431373
-1.7137254901960786
-2.607843137254902
-2.0901960784313722
-1.972549019607843
-2.1843137254901963
-2.5215686274509803
-1.2745098039215685
-2.1215686274509804
-2.105882352941176
0.0745098039215687
-2.1215686274509804
-1.5019607843137255
-0.39607843137254894
-0.9764705882352942
-1.8
-0.6784313725490195
0.6392156862745098
-2.443137254901961
-2.1450980392156866
-1.3607843137254902
-2.7098039215686276
-0.3254901960784313
-0.7333333333333333
-2.2784313725490195
-0.16078431372549007
-2.427450980392157
-1.203921568627451
-1.4941176470588236
-2.3019607843137253
-2.5137254901960784
-2.207843137254902
-1.807843137254902
-2.380392156862745
-1.2352941176470589
0.9764705882352942
-2.207843137254902
-2.6235294117647054
-1.2666666666666666
-1.3607843137254902
-1.0627450980392157
-1.8470588235294119
-2.215686274509804
-1.384313725490196
-1.8549019607843138
-2.0588235294117645
-2.3333333333333335
-2.0666666666666664
-1.784313725490196
-1.8627450980392157
-2.6941176470588237
-0.6470588235294118
-1.4
-1.1098039215686275
-0.9529411764705882
-1.9882352941176469
-2.568627450980392
-1.4705882352941178
0.7647058823529411
-1.7607843137254902
-2.2705882352941176
-2.0431372549019606
-2.584313725490196
-1.776470588235294
-2.0274509803921568
-1.2666666666666666
-0.388235294117647
-2.2941176470588234
-1.9490196078431372
-2.1137254901960785
-2.145098039215686
0.019607843137254832
-0.14509803921568631
-0.8980392156862745
-1.7372549019607844
-2.403921568627451
-2.2705882352941176
-2.6941176470588237
-0.6862745098039217
-2.5294117647058822
-1.5411764705882351
-1.996078431372549
1.5803921568627453
-1.8392156862745097
-1.172549019607843
-2.9058823529411764
-1.4235294117647057
-2.686274509803922
-1.7372549019607841
-2.0901960784313722
-1.2745098039215685
-0.3176470588235295
-1.5254901960784313
1.0627450980392157
-2.466666666666667
-2.145098039215686
0.9294117647058824
-1.1490196078431372
-0.4745098039215686
-0.5843137254901961
-1.6588235294117646
-2.019607843137255
-2.5215686274509803
-1.972549019607843
-1.619607843137255
-1.9725490196078432
-1.8549019607843138
-1.776470588235294
-0.5215686274509804
-2.4980392156862745
-0.6862745098039216
-2.372549019607843
0.1450980392156861
-0.3254901960784313
1.3764705882352941
-2.2941176470588234
-2.8745098039215686
-2.4196078431372547
-1.4470588235294117
-1.8941176470588235
-1.031372549019608
-1.9568627450980394
-2.7411764705882353
-1.8
-1.3215686274509806
-1.2509803921568627
-1.5490196078431375
0.24705882352941166
-0.6313725490196078
-2.3254901960784315
-1.556862745098039
-2.592156862745098
-0.5843137254901961
-2.5215686274509803
-1.8235294117647058
-2.537254901960784
-2.0980392156862746
-2.0823529411764703
-2.0274509803921568
0.04313725490196074
-1.1490196078431372
-0.9607843137254902
-2.450980392156863
-0.7254901960784313
-1.8549019607843138
-1.1098039215686275
-0.6392156862745096
-1.4549019607843137
-1.7137254901960783
-0.26274509803921564
-2.5058823529411764
0.19215686274509813
-2.552941176470588
-0.13725490196078427
0.46666666666666656
-2.0509803921568626
0.09019607843137245
-1.784313725490196
-1.6509803921568627
-1.4627450980392156
-2.372549019607843
0.3254901960784312
-2.0431372549019606
-2.443137254901961
-0.27843137254901973
-2.372549019607843
-0.8588235294117647
-0.3803921568627451
-1.5647058823529412
-1.988235294117647
-1.9019607843137256
-1.219607843137255
-0.6235294117647059
0.03529411764705892
-2.4980392156862745
-2.6392156862745098
-2.3176470588235296
-2.458823529411765
-2.5215686274509803
-1.6509803921568627
-2.2470588235294118
-1.3372549019607844
-1.7058823529411764
-1.0705882352941176
-0.9372549019607842
-1.6745098039215687
-2.0431372549019606
-1.3372549019607842
-1.8862745098039215
-1.6509803921568627
0.7647058823529411
-1.423529411764706
-0.37254901960784315
0.05882352941176472
-1.6745098039215685
-2.7098039215686276
-2.176470588235294
-1.6901960784313725
0.5686274509803921
-2.450980392156863
-0.5450980392156863
-1.3215686274509804
-2.184313725490196
-1.7137254901960783
-0.49803921568627463
-1.8
-0.10588235294117654
-1.196078431372549
-2.2549019607843137
-1.1411764705882352
-2.419607843137255
-1.7450980392156863
-1.4549019607843139
-2.2549019607843137
-2.2549019607843137
-2.207843137254902
-2.2549019607843137
-1.5333333333333332
-2.450980392156863
-2.5843137254901962
0.5529411764705882
-2.1686274509803924
0.4117647058823529
-2.403921568627451
-2.1294117647058823
0.01176470588235301
-1.6901960784313725
-2.23921568627451
-1.768627450980392
-2.4196078431372547
-0.2705882352941176
-1.611764705882353
-1.8470588235294119
-2.2627450980392156
-1.7529411764705882
-1.2901960784313724
-2.074509803921569
-2.380392156862745
-0.6392156862745099
-1.768627450980392
-2.2784313725490195
-1.2352941176470589
-1.6901960784313725
-2.2941176470588234
-1.6509803921568627
-1.6588235294117646
-0.3647058823529411
-1.9490196078431372
-1.7294117647058822
-1.941176470588235
-1.3607843137254902
-0.7803921568627451
-1.2352941176470589
-1.823529411764706
-1.3764705882352941
0.7411764705882353
-1.603921568627451
-2.0901960784313722
-2.1294117647058823
-2.0980392156862746
-2.1372549019607843
-1.1882352941176468
-2.184313725490196
-2.458823529411765
-2.019607843137255
-2.215686274509804
-1.0235294117647058
-1.172549019607843
-1.6588235294117646
0.8588235294117648
0.04313725490196063
-1.0784313725490196
0.05882352941176461
-2.6549019607843136
-0.28627450980392166
-2.4980392156862745
0.2941176470588236
-2.3411764705882354
-0.6784313725490195
-1.3372549019607844
-0.4274509803921568
-1.8235294117647058
-2.364705882352941
0.7411764705882353
-0.04313725490196074
1.2745098039215685
-0.08235294117647052
-2.0509803921568626
-0.5058823529411766
-2.2705882352941176
1.4470588235294117
-1.8392156862745097
-1.603921568627451
-2.1294117647058823
-2.1137254901960785
-2.0274509803921568
-1.603921568627451
-1.4941176470588236
-1.611764705882353
-2.976470588235294
-0.7725490196078432
-2.1843137254901963
-2.152941176470588
-1.8862745098039215
-2.6549019607843136
-2.2705882352941176
-2.16078431372549
-2.1372549019607843
-0.7882352941176471
0.6470588235294118
-2.019607843137255
-1.4862745098039216
-2.4980392156862745
-0.6862745098039216
-2.0666666666666664
0.6705882352941178
-2.1764705882352944
-1.7372549019607844
-2.0352941176470587
-1.1333333333333333
0.8509803921568628
-2.6392156862745098
-1.2509803921568627
-0.992156862745098
-1.7450980392156863
-1.2117647058823529
-1.9411764705882353
-1.9098039215686273
-2.325490196078431
-2.207843137254902
-0.3176470588235295
-1.7607843137254902
0.019607843137254943
-1.6901960784313725
-1.4470588235294117
-0.17647058823529416
-0.6627450980392157
-1.6823529411764706
-0.9294117647058823
-0.8509803921568627
-1.8392156862745097
-0.5529411764705883
-0.45882352941176463
-2.3490196078431373
-2.0274509803921568
-2.1137254901960785
-1.5490196078431373
-2.4117647058823533
-2.231372549019608
0.5450980392156863
-2.4745098039215687
-0.11372549019607858
1.023529411764706
-2.631372549019608
-0.6
-0.34901960784313735
-2.552941176470588
-2.325490196078431
-2.8823529411764706
-2.450980392156863
0.2784313725490196
-1.7921568627450981
-0.10588235294117665
-2.2627450980392156
-1.7843137254901962
-1.0941176470588236
-2.3098039215686272
-1.996078431372549
-1.8470588235294119
-1.619607843137255
-2.5215686274509803
1.0705882352941176
1.1490196078431372
-0.6470588235294117
-1.7529411764705882
-2.3490196078431373
-1.1098039215686275
0.1843137254901961
-0.45882352941176463
-1.9333333333333333
-2.466666666666667
0.48235294117647065
-0.019607843137254943
-1.4705882352941178
0.2705882352941177
-1.5333333333333332
-0.6705882352941177
-2.4509803921568625
-2.223529411764706
-1.3372549019607842
-0.2705882352941176
-1.5176470588235293
-2.2784313725490195
-0.6078431372549019
-0.19999999999999996
-0.9607843137254902
0.803921568627451
-0.0745098039215687
-0.01176470588235301
-0.6627450980392157
-0.9215686274509804
-2.23921568627451
-1.745098039215686
-1.980392156862745
0.050980392156862675
-2.1137254901960785
-1.564705882352941
-1.9647058823529413
1.5333333333333332
-2.411764705882353
-1.0235294117647058
-2.3098039215686272
-0.6000000000000001
-1.0862745098039215
-2.019607843137255
-2.396078431372549
1.1019607843137254
-1.4156862745098038
-1.0941176470588236
-1.2823529411764705
-1.196078431372549
-0.6000000000000001
-0.17647058823529416
-0.7176470588235294
1.3450980392156862
0.09019607843137278
-1.392156862745098
-1.7215686274509805
-2.568627450980392
-2.3411764705882354
-2.1529411764705886
-1.7686274509803923
-2.3960784313725494
-2.2705882352941176
-2.215686274509804
-2.427450980392157
-0.9764705882352941
-1.2196078431372548
-0.23921568627450984
-2.3019607843137253
-2.0431372549019606
0.0980392156862746
-1.4470588235294117
0.9372549019607843
-1.0627450980392157
-1.8549019607843138
-1.164705882352941
-0.4666666666666667
-2.0509803921568626
-0.6470588235294118
-2.5764705882352943
-1.7294117647058822
-1.9098039215686273
-2.223529411764706
-2.003921568627451
-2.8980392156862744
-0.46666666666666656
0.15294117647058814
-0.4509803921568628
-1.9333333333333333
-2.0823529411764703
-1.5411764705882351
-2.411764705882353
-2.2941176470588234
-1.9176470588235293
-2.2470588235294118
-1.3686274509803922
-2.3019607843137253
-1.7607843137254902
-1.6823529411764706
-2.3176470588235296
0.6392156862745096
-0.8901960784313726
-1.0313725490196077
0.37254901960784326
-1.815686274509804
-1.1098039215686275
-2.450980392156863
-1.5490196078431373
-1.8784313725490196
-0.7568627450980392
-1.611764705882353
-1.5647058823529412
-2.4274509803921567
-1.8941176470588235
-1.7921568627450981
-2.0901960784313722
-1.4627450980392158
1.2745098039215685
-1.9647058823529413
-1.227450980392157
-2.1215686274509804
-1.7529411764705882
-1.6745098039215685
-1.7843137254901962
-1.7215686274509805
-2.003921568627451
-1.5254901960784313
-2.325490196078431
-1.0313725490196077
-1.580392156862745
-1.0862745098039217
-0.803921568627451
-0.41960784313725497
-1.8784313725490196
-0.7254901960784315
-1.4784313725490197
-1.5960784313725491
-1.9019607843137254
-1.768627450980392
-2.333333333333333
-1.7921568627450981
1.4549019607843137
-0.0509803921568629
-1.8862745098039215
-1.2039215686274511
0.16078431372549007
-0.8274509803921569
-1.3372549019607844
-1.7215686274509805
-1.580392156862745
-2.0431372549019606
-1.392156862745098
-1.5098039215686274
-0.5372549019607843
-2.4352941176470586
-1.9254901960784312
-2.2549019607843137
0.05882352941176461
-1.807843137254902
-2.450980392156863
0.2549019607843137
-2.1764705882352944
-1.203921568627451
-2.4352941176470586
0.09803921568627427
-0.403921568627451
-1.1019607843137256
-2.4980392156862745
-1.7843137254901962
-2.003921568627451
-1.431372549019608
-2.1294117647058823
-2.0509803921568626
-1.007843137254902
-0.3019607843137254
-1.5725490196078433
-2.1215686274509804
-2.3960784313725494
-2.537254901960784
-2.3098039215686272
-1.9803921568627452
-1.2352941176470589
-0.37254901960784326
-2.2470588235294118
-1.9019607843137254
0.0039215686274509665
-2.4196078431372547
-0.17647058823529416
-1.0470588235294116
-0.6392156862745096
-0.796078431372549
-1.1647058823529413
0.05882352941176483
-2.419607843137255
-1.6980392156862743
-1.2431372549019608
0.41176470588235303
-2.231372549019608
-2.1921568627450982
1.9019607843137252
0.3019607843137254
-2.0666666666666664
-1.7294117647058824
-2.537254901960784
-1.3137254901960786
-2.411764705882353
-2.1372549019607843
-2.5843137254901962
-2.1686274509803924
-2.388235294117647
-2.0431372549019606
0.2941176470588236
-1.1333333333333333
-2.1137254901960785
-2.403921568627451
-1.5254901960784313
-1.8941176470588235
-1.0
-2.1607843137254905
-0.17647058823529405
-0.9372549019607843
0.37254901960784315
0.027450980392156987
-2.1764705882352944
-1.3058823529411765
-2.1372549019607843
-2.372549019607843
1.1568627450980393
-0.8352941176470589
-1.549019607843137
1.1490196078431372
-1.6431372549019607
-2.2862745098039214
-2.0588235294117645
1.7215686274509805
-2.0745098039215684
0.15294117647058814
-1.8784313725490196
0.13725490196078427
-0.8666666666666667
-2.7333333333333334
-2.56078431372549
-1.0941176470588236
0.15294117647058814
0.576470588235294
-1.1333333333333333
-1.784313725490196
-2.152941176470588
-0.9058823529411765
-1.7294117647058824
-2.3019607843137253
-2.552941176470588
-1.2823529411764705
-2.2941176470588234
-2.231372549019608
-0.8274509803921569
0.09019607843137245
-0.3019607843137255
-2.1372549019607843
-1.7686274509803923
-1.9803921568627452
-2.5686274509803924
-0.207843137254902
-1.4078431372549018
-1.9098039215686273
-1.392156862745098
-2.113725490196078
-1.7764705882352942
-2.0588235294117645
-1.1803921568627451
-2.207843137254902
-2.2941176470588234
-2.2862745098039214
-1.5960784313725491
-2.6470588235294117
-1.9647058823529413
-2.2941176470588234
-0.0117647058823529
-2.1372549019607843
-1.9803921568627452
-2.0431372549019606
-2.3254901960784315
-1.6352941176470588
-2.1215686274509804
-2.5137254901960784
-2.0745098039215684
-2.231372549019608
-2.1058823529411765
-1.7372549019607844
-2.0901960784313722
0.050980392156862675
-2.2627450980392156
-0.7411764705882353
-1.6039215686274508
-1.0784313725490196
-2.3019607843137253
-2.113725490196078
-1.768627450980392
-0.4274509803921568
-1.4705882352941175
-2.7803921568627454
-1.619607843137255
-1.7215686274509805
-2.0352941176470587
-0.4901960784313726
-1.619607843137255
-1.9803921568627452
-2.2862745098039214
-2.654901960784314
-1.9176470588235293
-2.6470588235294117
-2.2
-2.607843137254902
-1.3607843137254902
-2.3960784313725494
-0.4901960784313726
-1.1176470588235294
-2.0352941176470587
-2.113725490196078
-1.8627450980392157
-0.20000000000000007
-1.4078431372549018
-1.8078431372549018
-1.580392156862745
-1.1176470588235294
-1.9019607843137254
-1.3450980392156864
-1.549019607843137
0.22352941176470587
-1.9019607843137256
-2.576470588235294
-1.8862745098039218
-0.7490196078431373
-1.0470588235294116
-2.2627450980392156
-2.2627450980392156
-2.1372549019607843
-1.9490196078431372
-2.5215686274509803
-0.11372549019607836
-2.16078431372549
-1.8392156862745097
-1.4
-2.011764705882353
-2.27843137254902
-0.4431372549019609
-1.980392156862745
-2.0352941176470587
-1.7999999999999998
-1.5254901960784313
0.388235294117647
-1.1098039215686273
-1.815686274509804
-1.9098039215686273
-2.0901960784313722
-1.164705882352941
-0.5607843137254901
-1.3058823529411763
0.2705882352941178
-0.8509803921568627
-0.16862745098039222
-0.3411764705882353
-0.39607843137254906
0.6392156862745098
-2.23921568627451
-0.17647058823529405
-0.7019607843137253
-0.7333333333333333
-1.7215686274509805
-1.9333333333333333
-2.1921568627450982
-1.164705882352941
-2.2627450980392156
-1.1098039215686275
-2.56078431372549
-2.074509803921569
-2.0274509803921568
-2.3019607843137253
-0.06666666666666676
-1.4078431372549018
-1.8627450980392157
-1.4627450980392158
-2.0509803921568626
-2.2705882352941176
-2.3019607843137253
-2.16078431372549
-1.1490196078431372
-2.466666666666667
-2.16078431372549
0.168627450980392
-1.5411764705882351
-1.2039215686274511
-2.3019607843137253
-2.0274509803921568
-0.5372549019607842
-0.3176470588235293
-0.8117647058823529
-0.6
1.1098039215686273
-0.48235294117647065
-1.2980392156862743
-1.9568627450980394
-2.4980392156862745
-2.003921568627451
-2.113725490196078
-1.0392156862745099
-2.0901960784313722
-2.466666666666667
-2.4823529411764707
-2.5058823529411764
-1.164705882352941
-2.4980392156862745
-1.7294117647058824
-2.1529411764705886
-0.9764705882352941
-1.83921568627451
-2.443137254901961
-0.1607843137254903
-2.427450980392157
-0.9529411764705883
-2.3490196078431373
-0.7490196078431374
-2.2
0.37254901960784315
-1.8862745098039215
-0.11372549019607847
0.6627450980392156
-0.8666666666666667
-1.1490196078431372
-0.4039215686274509
-2.631372549019608
-0.0980392156862745
-2.0431372549019606
-2.0666666666666664
1.1176470588235294
-1.219607843137255
-0.780392156862745
0.08235294117647063
-1.807843137254902
-1.8313725490196078
-2.2941176470588234
-2.2549019607843137
-2.0588235294117645
-1.8705882352941177
-2.427450980392157
-2.231372549019608
-0.8274509803921569
-1.2352941176470589
-0.6235294117647059
0.5372549019607844
-0.5764705882352941
-2.207843137254902
-0.2941176470588237
-2.56078431372549
0.6941176470588234
-2.1764705882352944
-1.4313725490196076
-2.2941176470588234
0.2941176470588237
-2.764705882352941
0.1450980392156862
-1.9098039215686273
-1.1254901960784314
-2.356862745098039
-1.3607843137254902
-1.1019607843137256
-2.6392156862745098
-1.8156862745098041
-0.34901960784313724
0.21568627450980382
-1.5882352941176472
-1.9176470588235293
-2.0980392156862746
-1.3764705882352941
-0.15294117647058814
-1.8235294117647058
0.2705882352941178
-0.7568627450980391
-1.384313725490196
-0.6000000000000001
-1.6431372549019607
-1.0313725490196077
-2.576470588235294
-2.003921568627451
-1.988235294117647
-2.2078431372549017
-1.619607843137255
-1.7294117647058822
-0.14509803921568631
-1.4
-2.0745098039215684
-2.1372549019607843
-2.003921568627451
-0.16862745098039222
-1.062745098039216
-1.5176470588235293
-2.1921568627450982
-2.16078431372549
-1.8705882352941177
0.011764705882352788
0.2549019607843138
-2.152941176470588
-1.807843137254902
-2.3098039215686272
-1.8941176470588235
-1.7372549019607841
-0.2705882352941176
-2.145098039215686
-2.3490196078431373
-1.611764705882353
-0.41960784313725497
-0.8901960784313725
-2.1372549019607843
-0.5764705882352941
-1.831372549019608
-2.2705882352941176
-2.231372549019608
-2.3411764705882354
-2.2784313725490195
-0.3176470588235295
-1.6509803921568627
-1.3137254901960782
-1.988235294117647
-1.6431372549019607
-0.4745098039215685
-2.772549019607843
-1.3137254901960786
-1.8470588235294119
-2.1764705882352944
-0.1607843137254903
-2.7098039215686276
-1.7999999999999998
0.7098039215686276
-2.1294117647058823
-1.1411764705882352
-0.207843137254902
-2.184313725490196
-1.7294117647058822
-2.466666666666667
-1.2196078431372548
-0.5607843137254901
-2.3333333333333335
-1.996078431372549
0.5843137254901962
-0.22352941176470598
-2.403921568627451
-2.4901960784313726
-1.0705882352941176
-2.2862745098039214
-1.1411764705882352
-2.537254901960784
-2.1058823529411765
-2.168627450980392
-0.9137254901960784
-1.2509803921568627
-2.6
-1.9568627450980391
-1.7294117647058824
1.807843137254902
-0.34901960784313735
-1.1411764705882352
-0.15294117647058825
-2.1058823529411765
-1.6980392156862743
-1.3215686274509806
1.3450980392156862
-0.4509803921568628
-1.564705882352941
-1.3764705882352941
-2.4745098039215687
-2.3960784313725494
-1.9098039215686273
-0.0274509803921571
-0.08235294117647052
-2.23921568627451
-0.7803921568627451
-0.4901960784313726
-0.6627450980392158
-1.3529411764705883
-0.7725490196078432
0.10588235294117643
-0.9686274509803922
-1.3058823529411765
-2.0352941176470587
-2.1058823529411765
-1.2352941176470589
-1.8862745098039213
-2.4980392156862745
-2.223529411764706
-0.2941176470588235
-0.2941176470588235
-0.17647058823529416
0.019607843137255054
0.11372549019607836
-0.8588235294117647
-1.6823529411764704
-0.772549019607843
-1.5333333333333332
-2.5294117647058822
-1.7058823529411764
-2.2549019607843137
-2.3882352941176475
-2.0666666666666664
-2.145098039215686
-2.2156862745098036
-1.1725490196078432
-0.796078431372549
-2.1921568627450982
-0.2941176470588236
-2.5764705882352943
-2.568627450980392
-2.403921568627451
-2.0509803921568626
0.5450980392156864
1.1411764705882352
-1.3294117647058823
-0.2705882352941176
-2.349019607843137
-1.8784313725490196
-2.168627450980392
-0.6313725490196078
-2.364705882352941
-1.4784313725490197
-1.4941176470588236
-0.4980392156862745
-2.6627450980392156
-1.8235294117647058
-2.2549019607843137
-1.7058823529411764
0.5686274509803924
-2.3019607843137253
-0.7568627450980392
-1.9725490196078432
-1.9411764705882353
-2.623529411764706
-2.1372549019607843
-1.1882352941176473
-0.6941176470588235
0.6705882352941177
-2.23921568627451
-1.3686274509803922
-1.9568627450980394
-2.372549019607843
-1.0549019607843135
-1.8862745098039218
-2.537254901960784
-2.2549019607843137
-1.9490196078431372
-1.0313725490196077
-2.450980392156863
2.019607843137255
-1.7215686274509805
-1.0627450980392157
-2.223529411764706
-0.4980392156862745
-1.807843137254902
-2.1921568627450982
-2.2784313725490195
-1.988235294117647
-1.8313725490196078
-1.7686274509803923
-1.1647058823529413
-2.670588235294118
-1.4705882352941178
-2.537254901960784
-2.576470588235294
-2.3490196078431373
-1.619607843137255
-1.8862745098039218
-0.7019607843137254
-1.603921568627451
-0.6313725490196079
-1.611764705882353
-1.5176470588235293
-2.545098039215686
0.17647058823529416
-2.2784313725490195
-0.019607843137254943
-0.7803921568627451
-1.596078431372549
-1.188235294117647
-2.4117647058823533
0.011764705882352788
-2.6
-1.203921568627451
-2.0274509803921568
-0.3803921568627451
-2.3019607843137253
-2.3019607843137253
-2.019607843137255
-1.9176470588235295
-2.0588235294117645
-2.419607843137255
-1.4549019607843137
-2.5843137254901962
-1.768627450980392
-1.392156862745098
-1.831372549019608
-2.372549019607843
-2.403921568627451
-2.592156862745098
-1.83921568627451
-1.7215686274509805
-2.427450980392157
0.16078431372549018
-2.0274509803921568
-1.6352941176470588
-2.4901960784313726
-1.2588235294117647
-2.568627450980392
0.35686274509803917
-2.756862745098039
-2.372549019607843
-1.8705882352941177
-2.0274509803921568
-2.231372549019608
-0.9921568627450981
-1.564705882352941
0.38823529411764723
-0.5372549019607843
-1.7529411764705882
-1.980392156862745
-1.6901960784313725
-0.7333333333333334
-2.403921568627451
-1.8627450980392157
-2.3019607843137253
-1.9019607843137256
-1.619607843137255
-1.7215686274509805
-0.811764705882353
-1.5411764705882351
-2.592156862745098
-1.1411764705882352
-1.996078431372549
0.2705882352941176
-1.2823529411764707
-1.8470588235294119
0.46666666666666656
-2.215686274509804
-2.215686274509804
-1.988235294117647
-2.145098039215686
-2.231372549019608
-0.1843137254901962
-2.4745098039215687
-1.5882352941176472
0.9607843137254902
-1.1098039215686275
-2.0509803921568626
0.3019607843137254
-1.3215686274509804
-1.188235294117647
-0.8588235294117647
-2.654901960784314
-2.576470588235294
-1.8784313725490196
-0.6235294117647058
-1.227450980392157
0.05882352941176472
-2.2470588235294118
-1.972549019607843
-1.5803921568627453
-1.1098039215686275
-0.4980392156862745
-2.0666666666666664
-1.4078431372549018
-2.325490196078431
1.227450980392157
-1.8784313725490196
-2.231372549019608
-2.686274509803922
-1.8941176470588235
0.027450980392156876
-2.466666666666667
-2.443137254901961
-1.8470588235294116
-1.8784313725490196
-1.172549019607843
-2.2941176470588234
-1.2431372549019608
-2.003921568627451
-2.403921568627451
-2.003921568627451
-2.011764705882353
-2.231372549019608
-1.588235294117647
-2.231372549019608
-0.6784313725490195
-2.231372549019608
-2.019607843137255
-2.67843137254902
-2.5137254901960784
-1.0705882352941176
-0.7098039215686274
-1.3529411764705883
-1.603921568627451
-0.9921568627450981
-0.9215686274509803
-2.231372549019608
0.04313725490196085
-2.2862745098039214
-1.007843137254902
-1.0313725490196077
-2.827450980392157
-2.56078431372549
-1.156862745098039
-0.9137254901960784
-2.215686274509804
-2.7176470588235295
-1.5333333333333334
-1.5098039215686274
-2.427450980392157
-1.6980392156862747
-0.7568627450980392
-2.2627450980392156
-1.156862745098039
-1.7372549019607844
-2.450980392156863
-1.4784313725490197
0.28627450980392166
-0.08235294117647052
-2.3960784313725494
-2.1058823529411765
0.2078431372549021
-2.545098039215686
0.37254901960784303
-2.3490196078431373
0.968627450980392
-1.9725490196078432
-1.2509803921568627
-0.08235294117647063
-0.7725490196078431
-0.0980392156862745
-0.5372549019607844
-2.058823529411765
-2.3019607843137257
-1.5098039215686274
-1.3607843137254902
-0.33333333333333337
-0.8509803921568627
-2.411764705882353
-1.6352941176470588
-2.427450980392157
-1.188235294117647
-2.0352941176470587
-2.23921568627451
-0.15294117647058814
-1.3764705882352941
0.403921568627451
-1.5647058823529414
-2.231372549019608
-2.1921568627450982
-2.3568627450980393
-1.3372549019607844
-1.8784313725490196
-1.392156862745098
-0.07450980392156858
-2.1137254901960785
-1.7450980392156863
-2.2627450980392156
-2.568627450980392
-2.2941176470588234
-1.1333333333333333
-0.5372549019607844
-1.4000000000000001
0.6549019607843136
-1.7450980392156863
-1.8627450980392157
-1.6431372549019607
-0.2941176470588237
-2.333333333333333
-1.619607843137255
-2.3019607843137257
-1.6588235294117648
-1.1098039215686275
-1.4862745098039216
-1.2039215686274511
-2.043137254901961
0.15294117647058836
-0.5137254901960784
-2.3098039215686272
-1.5019607843137255
-1.0705882352941176
-1.5333333333333332
-2.3411764705882354
-2.4745098039215687
-2.333333333333333
-1.7529411764705882
-2.56078431372549
-1.0784313725490196
-1.6980392156862745
-1.4078431372549018
0.10588235294117665
-0.09019607843137256
-1.8313725490196078
-1.1254901960784314
-2.380392156862745
-1.227450980392157
-1.4
0.027450980392156876
-2.0901960784313722
0.44313725490196076
-2.450980392156863
-0.14509803921568643
-1.156862745098039
-1.1098039215686275
-0.027450980392156876
-0.4274509803921567
-2.364705882352941
-1.6039215686274508
-1.9333333333333336
-2.615686274509804
-2.3490196078431373
0.24705882352941166
-2.623529411764706
-2.772549019607843
-0.6470588235294118
-0.8666666666666667
0.4117647058823529
-1.4392156862745098
-1.7607843137254902
-2.3411764705882354
-1.996078431372549
-2.435294117647059
-2.16078431372549
-2.7490196078431373
0.44313725490196065
-2.4745098039215687
-1.7215686274509805
-1.9254901960784314
-1.2039215686274507
-0.6392156862745098
-1.0705882352941176
-1.5490196078431373
-1.6901960784313725
-0.4509803921568628
-2.23921568627451
-1.6823529411764706
-2.3490196078431373
-0.3019607843137255
-2.788235294117647
-0.7490196078431373
1.0313725490196077
-1.9725490196078432
-0.45882352941176474
-1.8392156862745097
-2.1450980392156866
-2.654901960784314
-2.215686274509804
-2.1058823529411765
-1.3372549019607844
-0.7647058823529412
-1.9098039215686273
-1.72156862745098
-0.8588235294117648
-0.7333333333333333
-1.619607843137255
-1.1411764705882352
-2.3019607843137253
-2.215686274509804
-2.372549019607843
-1.6274509803921569
-2.137254901960784
-2.0352941176470587
0.8431372549019609
-2.0901960784313727
-1.9333333333333331
-0.6
0.8431372549019609
0.3411764705882352
-1.0784313725490196
-1.1411764705882352
-1.6745098039215687
-2.2549019607843137
-0.4980392156862744
-1.227450980392157
-2.435294117647059
1.823529411764706
-2.207843137254902
-1.7294117647058824
-2.3411764705882354
-1.996078431372549
-1.5333333333333332
-2.6549019607843136
-2.576470588235294
-1.6823529411764704
0.8274509803921568
-1.619607843137255
-1.0
-2.3490196078431373
-0.45882352941176474
-1.3372549019607842
-2.3960784313725494
-1.8
-2.1843137254901963
-2.1137254901960785
-1.9568627450980391
0.03529411764705881
-2.3411764705882354
-1.1411764705882352
-0.5215686274509804
-2.380392156862745
0.2549019607843138
-2.3254901960784315
-2.3176470588235296
-0.6235294117647059
-2.0588235294117645
-2.545098039215686
-1.768627450980392
-2.1686274509803924
-0.27058823529411746
-1.7764705882352942
-1.4078431372549018
-1.9411764705882353
-2.5843137254901962
-2.56078431372549
-2.592156862745098
-1.4705882352941175
-1.949019607843137
-1.7215686274509805
-1.572549019607843
-2.215686274509804
-2.3019607843137253
-2.0823529411764703
-2.2862745098039214
-1.9411764705882355
-1.3215686274509804
-2.4901960784313726
-1.5176470588235293
-1.1333333333333333
-2.631372549019608
-1.9098039215686273
-1.6509803921568629
-2.4980392156862745
-1.6509803921568629
0.6313725490196078
-1.6666666666666665
-0.4666666666666667
-1.6509803921568627
-1.9176470588235295
-0.35686274509803917
-0.6705882352941176
0.3647058823529412
-2.0666666666666664
-1.9411764705882355
-2.537254901960784
-2.1137254901960785
-2.27843137254902
0.17647058823529427
-1.7215686274509805
-1.3137254901960784
0.24705882352941166
-0.9529411764705883
-2.654901960784314
0.9215686274509804
-2.2549019607843137
-1.0156862745098039
-1.3607843137254902
-1.188235294117647
-1.0235294117647058
-1.0627450980392157
0.5921568627450982
-2.388235294117647
-1.5568627450980392
0.06666666666666665
-2.16078431372549
-1.6588235294117646
-0.9529411764705882
-0.30980392156862746
-2.356862745098039
-1.9176470588235295
-2.0588235294117645
-1.6588235294117646
-2.0588235294117645
-0.6627450980392156
-2.450980392156863
-1.0627450980392157
-2.23921568627451
-0.24705882352941178
-2.3568627450980393
-1.7372549019607844
-1.4470588235294117
-2.2941176470588234
-0.7568627450980392
-0.30980392156862735
-1.5176470588235296
-1.580392156862745
-0.6549019607843137
-2.372549019607843
-1.564705882352941
-2.3725490196078436
-1.9254901960784314
-1.4156862745098038
-2.5764705882352943
-0.2078431372549019
-2.2549019607843137
-0.8117647058823529
-0.5686274509803922
-1.2196078431372548
-1.2980392156862743
-1.2745098039215685
-2.537254901960784
-0.08235294117647063
-1.9568627450980394
0.5607843137254902
-0.5607843137254901
-2.3568627450980393
-0.41960784313725497
-2.0352941176470587
0.30980392156862746
-2.4117647058823533
-1.9490196078431372
-2.764705882352941
-1.3450980392156864
-0.4980392156862744
-0.5764705882352942
-1.9176470588235293
-1.2745098039215685
-2.0901960784313722
-2.207843137254902
-1.6823529411764706
-0.7647058823529411
-1.0549019607843138
-1.6352941176470588
0.17647058823529427
-0.7960784313725492
-1.4705882352941178
-2.223529411764706
-1.0941176470588234
-0.18431372549019598
-1.972549019607843
-0.019607843137254943
